# <# turns> <side> <weapon> <width> <height> <cure period>
192 0 1 15 15 20
# Home positions
0 5
0 14
9 14
14 9
14 0
5 0
# Ranks and scores of samurai
2 40
5 24
3 31
1 80
0 93
4 28
# Turn information for samurai of side 0 with weapon 1
# <turn>
3
# <cure period>
0
# Samurai states: <position x> <position y> <hiding>
0 5 0
0 14 0
9 14 0
-1 -1 1
-1 -1 1
-1 -1 1
# Battle field states
 8 9 9 9 9 9 9 9 9 9 9 9 9 9 9
 8 8 9 9 9 9 9 9 9 9 9 9 9 9 9
 8 8 8 9 9 9 9 9 9 9 9 9 9 9 9
 8 8 8 8 9 9 9 9 9 9 9 9 9 9 9
 8 8 8 8 8 9 9 9 9 9 9 9 9 9 9
 8 8 8 8 8 8 9 9 9 9 9 9 9 9 9
 0 8 8 8 8 9 9 9 9 9 9 9 9 9 9
 0 8 8 8 9 9 9 9 9 9 9 9 9 9 9
 0 8 8 9 9 9 9 9 9 9 9 9 9 9 9
 0 8 9 9 9 9 9 9 9 8 9 9 9 9 9
 8 8 9 9 9 9 9 9 8 8 8 9 9 9 9
 8 8 8 9 9 9 9 8 8 8 8 8 9 9 9
 8 8 8 8 9 9 8 8 8 8 8 8 8 9 9
 8 8 8 8 8 8 8 8 8 8 8 8 8 8 9
 8 8 8 8 8 8 8 8 8 8 8 8 8 8 8
# Turn information for samurai of side 0 with weapon 1
# <turn>
8
# <cure period>
0
# Samurai states: <position x> <position y> <hiding>
0 6 1
0 14 0
8 14 0
-1 -1 1
-1 -1 1
-1 -1 1
# Battle field states
 9 9 9 9 9 9 9 9 9 9 9 9 9 9 9
 8 9 9 9 9 9 9 9 9 9 9 9 9 9 9
 8 8 9 9 9 9 9 9 9 9 9 9 9 9 9
 8 8 8 9 9 9 9 9 9 9 9 9 9 9 9
 8 8 8 8 9 9 9 9 9 9 9 9 9 9 9
 8 0 0 0 0 9 9 9 9 9 9 9 9 9 9
 0 8 8 8 8 8 9 9 9 9 9 9 9 9 9
 0 8 8 8 8 9 9 9 9 9 9 9 9 9 9
 0 8 8 8 9 9 9 9 9 9 9 9 9 9 9
 0 8 8 9 9 9 9 9 8 9 9 9 9 9 9
 8 8 9 9 9 9 9 8 8 8 9 9 9 9 9
 8 8 8 9 9 9 8 8 8 8 8 9 9 9 9
 1 8 8 8 9 8 8 8 8 8 8 8 9 9 9
 1 1 8 8 8 8 8 8 8 8 8 8 8 9 9
 8 1 1 8 8 8 8 8 8 8 8 8 8 8 9
# Turn information for samurai of side 0 with weapon 1
# <turn>
15
# <cure period>
0
# Samurai states: <position x> <position y> <hiding>
0 6 1
1 14 1
9 14 0
-1 -1 1
-1 -1 1
-1 -1 1
# Battle field states
 9 9 9 9 9 9 9 9 9 9 9 9 9 9 9
 8 9 9 9 9 9 9 9 9 9 9 9 9 9 9
 8 8 9 9 9 9 9 9 9 9 9 9 9 9 9
 8 8 8 9 9 9 9 9 9 9 9 9 9 9 9
 8 8 8 8 9 9 9 9 9 9 9 9 9 9 9
 8 0 0 0 0 9 9 9 9 9 9 9 9 9 9
 0 0 0 0 0 8 9 9 9 9 9 9 9 9 9
 0 8 8 8 8 9 9 9 9 9 9 9 9 9 9
 0 8 8 8 9 9 9 9 9 9 9 9 9 9 9
 0 8 8 9 9 9 9 9 9 8 9 9 9 9 9
 8 8 8 9 9 9 9 9 8 8 8 9 9 9 9
 8 8 8 8 9 9 9 8 8 8 8 8 9 9 9
 1 1 8 8 8 9 8 8 8 8 8 8 8 9 9
 1 1 1 8 8 8 8 2 2 2 8 8 8 8 9
 8 1 1 1 8 8 8 2 8 2 8 8 8 8 8
# Turn information for samurai of side 0 with weapon 1
# <turn>
20
# <cure period>
0
# Samurai states: <position x> <position y> <hiding>
0 7 0
2 14 0
8 14 0
-1 -1 1
-1 -1 1
-1 -1 1
# Battle field states
 9 9 9 9 9 9 9 9 9 9 9 9 9 9 9
 9 9 9 9 9 9 9 9 9 9 9 9 9 9 9
 8 9 9 9 9 9 9 9 9 9 9 9 9 9 9
 8 8 9 9 9 9 9 9 9 9 9 9 9 9 9
 8 8 8 9 9 9 9 9 9 9 9 9 9 9 9
 8 0 0 0 9 9 9 9 9 9 9 9 9 9 9
 0 0 0 0 0 9 9 9 9 9 9 9 9 9 9
 0 0 0 0 0 8 9 9 9 9 9 9 9 9 9
 0 8 8 8 8 9 9 9 9 9 9 9 9 9 9
 0 8 8 8 9 9 9 9 8 9 9 9 9 9 9
 8 8 8 8 9 9 9 8 8 8 9 9 9 9 9
 8 8 8 8 8 9 8 8 8 8 8 9 9 9 9
 1 1 1 8 8 8 8 8 8 8 8 8 9 9 9
 1 1 1 1 8 8 8 2 2 2 2 8 8 9 9
 8 1 1 1 1 8 8 2 2 2 2 8 8 8 9
# Turn information for samurai of side 0 with weapon 1
# <turn>
27
# <cure period>
0
# Samurai states: <position x> <position y> <hiding>
0 8 1
3 14 1
8 13 1
-1 -1 1
-1 -1 1
-1 -1 1
# Battle field states
 9 9 9 9 9 9 9 9 9 9 9 9 9 9 9
 9 9 9 9 9 9 9 9 9 9 9 9 9 9 9
 9 9 9 9 9 9 9 9 9 9 9 9 9 9 9
 8 9 9 9 9 9 9 9 9 9 9 9 9 9 9
 8 8 9 9 9 9 9 9 9 9 9 9 9 9 9
 8 0 0 9 9 9 9 9 9 9 9 9 9 9 9
 0 0 0 0 9 9 9 9 9 9 9 9 9 9 9
 0 0 0 0 0 9 9 9 9 9 9 9 9 9 9
 0 0 0 0 0 8 9 9 8 9 9 9 9 9 9
 0 8 8 8 8 9 9 8 8 8 9 9 9 9 9
 8 8 8 8 8 9 8 8 8 8 8 9 9 9 9
 8 8 8 8 8 8 8 8 8 8 8 8 9 9 9
 1 1 1 1 8 8 8 8 8 8 8 8 8 9 9
 1 1 1 1 1 8 8 2 2 2 2 8 8 8 9
 8 1 1 1 1 1 8 2 2 2 2 8 8 9 9
# Turn information for samurai of side 0 with weapon 1
# <turn>
32
# <cure period>
0
# Samurai states: <position x> <position y> <hiding>
0 9 0
4 14 0
8 14 0
-1 -1 1
-1 -1 1
-1 -1 1
# Battle field states
 9 9 9 9 9 9 9 9 9 9 9 9 9 9 9
 9 9 9 9 9 9 9 9 9 9 9 9 9 9 9
 9 9 9 9 9 9 9 9 9 9 9 9 9 9 9
 9 9 9 9 9 9 9 9 9 9 9 9 9 9 9
 8 9 9 9 9 9 9 9 9 9 9 9 9 9 9
 8 0 9 9 9 9 9 9 9 9 9 9 9 9 9
 0 0 0 9 9 9 9 9 9 9 9 9 9 9 9
 0 0 0 0 9 9 9 9 9 9 9 9 9 9 9
 0 0 0 0 0 9 9 9 9 9 9 9 9 9 9
 0 0 0 0 0 8 9 9 8 9 9 9 9 9 9
 8 8 8 8 8 8 9 8 8 8 9 9 9 9 9
 8 8 8 8 8 8 8 8 8 8 8 9 9 9 9
 1 1 1 1 1 8 8 8 8 8 8 8 9 9 9
 1 1 1 1 1 1 8 2 2 2 2 8 8 9 9
 8 1 1 1 1 1 1 2 2 2 2 8 8 8 9
# Turn information for samurai of side 0 with weapon 1
# <turn>
39
# <cure period>
0
# Samurai states: <position x> <position y> <hiding>
0 10 0
4 13 1
9 14 1
-1 -1 1
-1 -1 1
-1 -1 1
# Battle field states
 9 9 9 9 9 9 9 9 9 9 9 9 9 9 9
 9 9 9 9 9 9 9 9 9 9 9 9 9 9 9
 9 9 9 9 9 9 9 9 9 9 9 9 9 9 9
 9 9 9 9 9 9 9 9 9 9 9 9 9 9 9
 9 9 9 9 9 9 9 9 9 9 9 9 9 9 9
 8 9 9 9 9 9 9 9 9 9 9 9 9 9 9
 0 0 9 9 9 9 9 9 9 9 9 9 9 9 9
 0 0 0 9 9 9 9 9 9 9 9 9 9 9 9
 0 0 0 0 0 9 9 9 9 9 9 9 9 9 9
 0 0 0 0 0 8 9 9 9 8 9 9 9 9 9
 8 0 0 0 0 8 8 9 8 8 8 9 9 9 9
 8 8 8 8 1 8 8 8 8 8 8 8 9 9 9
 1 1 1 1 1 1 8 8 8 8 8 8 8 9 9
 1 1 1 1 1 1 1 2 2 2 2 8 8 8 9
 8 1 1 1 1 1 1 2 2 2 2 8 8 8 8
# Turn information for samurai of side 0 with weapon 1
# <turn>
44
# <cure period>
0
# Samurai states: <position x> <position y> <hiding>
0 11 0
5 13 0
8 13 1
-1 -1 1
-1 -1 1
-1 -1 1
# Battle field states
 9 9 9 9 9 9 9 9 9 9 9 9 9 9 9
 9 9 9 9 9 9 9 9 9 9 9 9 9 9 9
 9 9 9 9 9 9 9 9 9 9 9 9 9 9 9
 9 9 9 9 9 9 9 9 9 9 9 9 9 9 9
 9 9 9 9 9 9 9 9 9 9 9 9 9 9 9
 9 9 9 9 9 9 9 9 9 9 9 9 9 9 9
 0 9 9 9 9 9 9 9 9 9 9 9 9 9 9
 0 0 9 9 9 9 9 9 9 9 9 9 9 9 9
 0 0 0 9 9 5 9 9 8 9 9 9 9 9 9
 0 0 0 0 0 8 8 8 8 8 9 9 9 9 9
 8 0 0 0 0 8 8 8 8 8 8 9 9 9 9
 8 0 0 0 0 1 8 8 8 8 8 8 9 9 9
 1 1 1 1 1 1 1 8 8 8 8 8 8 9 9
 1 1 1 1 1 1 1 1 2 2 2 8 8 3 9
 8 1 1 1 1 1 1 2 2 2 2 8 8 9 9
# Turn information for samurai of side 0 with weapon 1
# <turn>
51
# <cure period>
0
# Samurai states: <position x> <position y> <hiding>
0 12 1
5 12 1
9 13 1
-1 -1 1
-1 -1 1
-1 -1 1
# Battle field states
 9 9 9 9 9 9 9 9 9 9 9 9 9 9 9
 9 9 9 9 9 9 9 9 9 9 9 9 9 9 9
 9 9 9 9 9 9 9 9 9 9 9 9 9 9 9
 9 9 9 9 9 9 9 9 9 9 9 9 9 9 9
 9 9 9 9 9 9 9 9 9 9 9 9 9 9 9
 9 9 9 9 9 9 9 9 9 9 9 9 9 9 9
 9 9 9 9 9 9 9 9 9 9 9 9 9 9 9
 0 9 9 9 9 5 9 9 9 9 9 9 9 9 9
 0 0 9 9 5 5 5 9 9 8 9 9 9 9 9
 0 0 0 0 5 5 5 8 8 8 8 9 9 9 9
 0 0 0 0 0 1 8 8 8 8 8 8 9 9 9
 0 0 0 0 0 1 1 8 8 8 8 8 8 9 9
 1 1 1 1 1 1 1 1 8 8 8 8 8 3 9
 1 1 1 1 1 1 1 1 2 2 2 8 8 3 8
 8 1 1 1 1 1 1 2 2 2 2 8 8 8 9
# Turn information for samurai of side 0 with weapon 1
# <turn>
56
# <cure period>
0
# Samurai states: <position x> <position y> <hiding>
0 12 1
6 12 0
8 13 0
-1 -1 1
-1 -1 1
5 9 0
# Battle field states
 9 9 9 9 9 9 9 9 9 9 9 9 9 9 9
 9 9 9 9 9 9 9 9 9 9 9 9 9 9 9
 9 9 9 9 9 9 9 9 9 9 9 9 9 9 9
 9 9 9 9 9 9 9 9 9 9 9 9 9 9 9
 9 9 9 9 9 9 9 9 9 9 9 9 9 9 9
 9 9 9 9 9 9 9 9 9 9 9 9 9 9 9
 9 9 9 9 9 9 9 9 9 9 9 9 9 9 9
 0 9 9 9 9 9 5 9 9 9 9 9 9 9 9
 0 0 9 9 9 5 5 8 8 9 9 9 9 9 9
 0 0 0 9 5 5 5 8 8 8 9 9 9 9 9
 0 0 0 0 5 5 5 8 8 8 8 9 9 9 9
 0 0 0 0 0 1 1 1 8 8 8 8 9 9 9
 1 0 0 0 0 1 1 1 2 2 2 8 8 9 9
 1 1 1 1 1 1 1 1 2 2 2 8 8 3 9
 8 1 1 1 1 1 1 2 2 2 2 8 8 9 9
# Turn information for samurai of side 0 with weapon 1
# <turn>
63
# <cure period>
15
# Samurai states: <position x> <position y> <hiding>
0 11 0
0 14 0
9 13 0
-1 -1 1
-1 -1 1
-1 -1 1
# Battle field states
 9 9 9 9 9 9 9 9 9 9 9 9 9 9 9
 9 9 9 9 9 9 9 9 9 9 9 9 9 9 9
 9 9 9 9 9 9 9 9 9 9 9 9 9 9 9
 9 9 9 9 9 9 9 9 9 9 9 9 9 9 9
 9 9 9 9 9 9 9 9 9 9 9 9 9 9 9
 9 9 9 9 9 9 9 9 9 9 9 9 9 9 9
 0 9 9 9 9 9 9 9 9 9 9 9 9 9 9
 0 0 9 9 9 9 9 9 9 9 9 9 9 9 9
 0 0 0 9 9 9 9 9 9 8 9 9 9 9 9
 0 0 0 0 9 9 9 9 8 8 8 9 9 9 9
 0 0 0 0 5 9 9 1 8 8 8 8 9 9 9
 0 0 0 0 0 5 5 1 1 8 8 8 8 9 9
 1 0 0 0 0 1 1 2 2 2 2 8 8 3 9
 1 1 1 1 1 1 1 2 2 2 2 8 8 3 8
 8 1 1 1 1 1 1 2 2 2 2 8 8 8 9
# Turn information for samurai of side 0 with weapon 1
# <turn>
68
# <cure period>
10
# Samurai states: <position x> <position y> <hiding>
1 11 1
0 14 0
9 14 1
-1 -1 1
-1 -1 1
-1 -1 1
# Battle field states
 9 9 9 9 9 9 9 9 9 9 9 9 9 9 9
 9 9 9 9 9 9 9 9 9 9 9 9 9 9 9
 9 9 9 9 9 9 9 9 9 9 9 9 9 9 9
 9 9 9 9 9 9 9 9 9 9 9 9 9 9 9
 9 9 9 9 9 9 9 9 9 9 9 9 9 9 9
 9 9 9 9 9 9 9 9 9 9 9 9 9 9 9
 9 0 9 9 9 9 9 9 9 9 9 9 9 9 9
 0 0 0 9 9 9 9 9 9 9 9 9 9 9 9
 0 0 0 0 9 9 9 9 9 9 9 9 9 9 9
 0 0 0 0 5 9 9 9 9 8 9 9 9 9 9
 0 0 0 0 5 5 9 9 8 8 8 9 9 9 9
 0 0 0 0 0 0 5 1 1 8 8 8 9 9 9
 1 0 0 0 5 1 5 2 2 2 2 8 8 9 9
 1 1 1 1 1 1 1 2 2 2 2 8 8 3 9
 8 1 1 1 1 1 1 2 2 2 2 8 8 8 8
# Turn information for samurai of side 0 with weapon 1
# <turn>
75
# <cure period>
3
# Samurai states: <position x> <position y> <hiding>
1 10 0
0 14 0
9 13 1
-1 -1 1
-1 -1 1
-1 -1 1
# Battle field states
 9 9 9 9 9 9 9 9 9 9 9 9 9 9 9
 9 9 9 9 9 9 9 9 9 9 9 9 9 9 9
 9 9 9 9 9 9 9 9 9 9 9 9 9 9 9
 9 9 9 9 9 9 9 9 9 9 9 9 9 9 9
 9 9 9 9 9 9 9 9 9 9 9 9 9 9 9
 9 0 9 9 9 9 9 9 9 9 9 9 9 9 9
 0 0 0 9 9 9 9 9 9 9 9 9 9 9 9
 0 0 0 0 9 9 9 9 9 9 9 9 9 9 9
 0 0 0 0 5 9 9 9 9 4 9 9 9 9 9
 0 0 0 0 5 5 9 9 8 4 4 9 9 9 9
 0 0 0 0 0 0 5 1 8 8 8 8 9 9 9
 0 0 0 0 0 0 5 1 1 8 8 8 8 9 9
 1 0 0 0 5 1 5 2 2 2 2 8 8 3 9
 1 1 1 1 1 1 1 2 2 2 2 8 8 3 8
 8 1 1 1 1 1 1 2 2 2 2 8 8 8 9
# Turn information for samurai of side 0 with weapon 1
# <turn>
80
# <cure period>
0
# Samurai states: <position x> <position y> <hiding>
1 9 1
0 14 0
10 13 0
-1 -1 1
-1 -1 1
-1 -1 1
# Battle field states
 9 9 9 9 9 9 9 9 9 9 9 9 9 9 9
 9 9 9 9 9 9 9 9 9 9 9 9 9 9 9
 9 9 9 9 9 9 9 9 9 9 9 9 9 9 9
 9 9 9 9 9 9 9 9 9 9 9 9 9 9 9
 9 8 9 9 9 9 9 9 9 9 9 9 9 9 9
 8 0 0 9 9 9 9 9 9 9 9 9 9 9 9
 0 0 0 0 9 9 9 9 9 9 9 9 9 9 9
 0 0 0 0 5 9 9 9 9 9 9 9 9 9 9
 0 0 0 0 5 5 9 9 9 9 4 9 9 9 9
 0 0 0 0 0 0 5 9 9 4 4 8 9 9 9
 0 0 0 0 0 0 9 9 8 8 8 8 8 9 9
 0 0 0 0 0 9 9 1 1 8 8 8 8 3 9
 1 0 0 0 9 9 5 2 2 2 2 8 8 3 8
 1 1 1 1 1 1 1 2 2 2 2 8 8 3 8
 8 1 1 1 1 1 1 2 2 2 2 8 8 8 8
# Turn information for samurai of side 0 with weapon 1
# <turn>
87
# <cure period>
0
# Samurai states: <position x> <position y> <hiding>
1 8 0
0 13 1
11 13 0
-1 -1 1
-1 -1 1
-1 -1 1
# Battle field states
 9 9 9 9 9 9 9 9 9 9 9 9 9 9 9
 9 9 9 9 9 9 9 9 9 9 9 9 9 9 9
 9 9 9 9 9 9 9 9 9 9 9 9 9 9 9
 9 8 9 9 9 9 9 9 9 9 9 9 9 9 9
 8 8 8 9 9 9 9 9 9 9 9 9 9 9 9
 8 0 0 0 9 9 9 9 9 9 9 9 9 9 9
 0 0 0 0 5 9 9 9 9 9 9 9 9 9 9
 0 0 0 0 5 5 9 9 9 9 9 9 9 9 9
 0 0 0 0 0 0 5 9 9 9 9 4 9 9 9
 0 0 0 0 0 0 9 9 9 9 4 4 8 9 9
 0 0 0 0 0 9 9 9 9 4 4 8 8 3 9
 1 0 0 0 9 9 9 9 1 4 8 8 8 3 8
 1 1 0 0 5 9 9 2 2 2 2 8 2 3 8
 1 1 1 1 1 1 1 2 2 2 2 8 2 3 8
 8 1 1 1 1 9 9 2 2 2 2 2 2 8 8
# Turn information for samurai of side 0 with weapon 1
# <turn>
92
# <cure period>
0
# Samurai states: <position x> <position y> <hiding>
1 7 1
0 12 0
12 13 0
-1 -1 1
-1 -1 1
-1 -1 1
# Battle field states
 9 9 9 9 9 9 9 9 9 9 9 9 9 9 9
 9 9 9 9 9 9 9 9 9 9 9 9 9 9 9
 9 8 9 9 9 9 9 9 9 9 9 9 9 9 9
 8 8 8 9 9 9 9 9 9 9 9 9 9 9 9
 8 8 8 8 9 9 9 9 9 9 9 9 9 9 9
 8 0 0 0 5 9 9 9 9 9 9 9 9 9 9
 0 0 0 0 5 5 9 9 9 9 9 9 9 9 9
 0 0 0 0 0 0 5 9 9 9 9 9 9 9 9
 0 0 0 0 0 0 9 9 9 9 9 9 8 9 9
 0 0 0 0 0 9 9 9 9 9 9 4 8 3 9
 1 0 0 0 9 9 9 9 9 9 4 8 8 3 3
 1 1 0 0 0 9 9 9 9 4 8 8 8 3 8
 1 1 1 0 5 1 9 9 2 2 2 2 2 3 8
 1 1 1 1 1 9 9 2 2 2 2 8 2 3 8
 8 1 1 1 9 9 9 9 2 2 2 2 2 8 8
# Turn information for samurai of side 0 with weapon 1
# <turn>
99
# <cure period>
0
# Samurai states: <position x> <position y> <hiding>
1 6 0
1 12 1
14 12 0
-1 -1 1
-1 -1 1
-1 -1 1
# Battle field states
 9 9 9 9 9 9 9 9 9 9 9 9 9 9 9
 9 8 9 9 9 9 9 9 9 9 9 9 9 9 9
 8 0 8 9 9 9 9 9 9 9 9 9 9 9 9
 8 0 8 8 9 9 9 9 9 9 9 9 9 9 9
 8 0 8 8 5 9 9 9 9 9 9 9 9 9 9
 8 0 0 0 5 5 9 9 9 9 9 9 9 9 9
 0 0 0 0 5 5 5 9 9 9 9 9 9 9 9
 0 0 0 0 0 0 9 9 9 9 9 9 9 9 3
 0 0 0 0 0 9 9 9 9 9 9 9 9 3 3
 0 0 0 0 9 9 9 9 9 9 9 9 8 3 3
 1 1 0 0 0 9 9 9 9 9 9 8 8 3 3
 1 1 1 0 0 0 9 9 9 9 8 8 8 3 8
 1 1 1 1 5 1 5 9 9 2 2 2 2 3 8
 1 1 1 1 1 1 9 9 9 9 2 8 2 3 8
 8 1 1 1 1 9 9 9 9 9 9 2 2 8 8
# Turn information for samurai of side 0 with weapon 1
# <turn>
104
# <cure period>
0
# Samurai states: <position x> <position y> <hiding>
2 6 1
2 12 0
13 12 0
-1 -1 1
-1 -1 1
-1 -1 1
# Battle field states
 9 9 9 9 9 9 9 9 9 9 9 9 9 9 9
 9 9 5 9 9 9 9 9 9 9 9 9 9 9 9
 9 0 8 8 9 9 9 9 9 9 9 9 9 9 9
 8 0 8 8 5 9 9 9 9 9 9 9 9 9 9
 8 0 8 8 5 5 9 9 9 9 9 9 9 9 9
 8 0 0 0 5 5 5 9 9 9 9 9 9 9 9
 0 0 0 0 0 0 0 8 9 9 9 9 9 9 9
 0 0 0 0 0 0 5 9 9 9 9 9 9 3 9
 0 0 0 0 0 0 9 9 9 9 9 9 8 3 3
 0 0 0 0 0 9 9 9 9 9 9 4 8 3 3
 1 1 1 0 0 0 9 9 9 9 4 8 8 3 3
 1 1 1 1 0 0 5 9 9 4 8 8 8 2 2
 1 1 1 1 1 1 5 2 4 2 2 2 2 2 8
 1 1 1 1 1 1 1 9 9 2 2 8 2 2 2
 8 1 1 1 1 1 9 9 9 9 2 2 2 8 8
# Turn information for samurai of side 0 with weapon 1
# <turn>
111
# <cure period>
0
# Samurai states: <position x> <position y> <hiding>
2 5 0
2 11 1
12 12 0
-1 -1 1
7 11 0
-1 -1 1
# Battle field states
 9 9 5 9 9 9 9 9 9 9 9 9 9 9 9
 9 5 0 5 9 9 9 9 9 9 9 9 9 9 9
 8 5 0 5 5 9 9 9 9 9 9 9 9 9 9
 8 0 0 8 5 5 9 9 9 9 9 9 9 9 9
 8 0 0 8 5 5 5 9 9 9 9 9 9 9 9
 8 0 0 0 5 5 5 8 9 9 9 9 9 9 9
 0 0 0 0 0 0 0 9 9 9 9 9 9 9 9
 0 0 0 0 0 0 9 9 9 9 9 9 4 9 9
 0 0 0 0 0 9 9 9 9 9 9 4 8 3 9
 0 0 1 0 0 0 9 9 9 9 4 4 8 3 3
 1 1 1 1 0 0 4 9 9 4 4 8 8 3 3
 1 1 1 1 1 4 4 4 4 4 4 8 8 2 2
 1 1 1 1 1 1 4 4 4 4 2 2 2 2 8
 1 1 1 1 1 1 9 9 4 2 2 8 2 2 2
 8 1 1 1 1 9 9 9 9 2 2 2 2 8 8
# Turn information for samurai of side 0 with weapon 1
# <turn>
116
# <cure period>
0
# Samurai states: <position x> <position y> <hiding>
3 5 1
3 11 0
13 12 1
-1 -1 1
7 11 0
-1 -1 1
# Battle field states
 9 9 9 5 9 9 9 9 9 9 9 9 9 9 9
 9 9 0 5 5 9 9 9 9 9 9 9 9 9 9
 9 5 0 5 5 5 9 9 9 9 9 9 9 9 9
 8 0 0 8 5 5 5 9 9 9 9 9 9 9 9
 8 0 0 8 5 5 5 8 9 9 9 9 9 9 9
 8 0 0 0 0 0 0 0 4 9 9 9 9 9 9
 0 0 0 0 0 0 0 8 9 9 9 9 9 9 9
 0 0 0 0 0 0 5 9 9 9 9 9 9 3 9
 9 0 0 0 0 0 9 9 9 9 9 9 8 3 3
 0 0 1 1 0 0 4 9 9 9 9 4 8 3 3
 1 1 1 1 1 0 4 4 9 9 4 8 8 3 3
 1 1 1 1 1 1 4 4 4 4 4 2 2 2 2
 1 1 1 1 1 1 4 4 4 4 2 2 2 2 8
 1 1 1 1 1 1 1 9 9 2 2 2 2 2 2
 9 1 1 1 1 1 9 9 9 9 2 2 2 8 8
# Turn information for samurai of side 0 with weapon 1
# <turn>
123
# <cure period>
14
# Samurai states: <position x> <position y> <hiding>
3 5 1
0 14 0
14 10 0
-1 -1 1
-1 -1 1
-1 -1 1
# Battle field states
 9 9 9 5 9 9 9 9 9 9 9 9 9 9 9
 9 9 0 0 5 9 9 9 9 9 9 9 9 9 9
 9 5 0 0 5 5 9 9 9 9 9 9 9 9 9
 8 0 0 0 5 5 5 9 9 9 9 9 9 9 9
 8 0 0 0 5 5 5 8 9 9 9 9 9 9 9
 8 0 0 0 0 0 0 0 4 9 9 9 9 9 3
 0 0 0 0 0 0 0 8 9 9 9 9 9 3 3
 0 0 0 0 0 0 5 9 9 9 9 9 4 3 3
 9 0 0 0 0 0 9 9 9 9 9 4 8 3 3
 0 9 1 1 1 9 9 9 9 9 4 4 8 3 3
 1 1 9 1 9 9 9 9 9 4 4 8 8 3 3
 1 1 1 9 9 9 9 9 9 9 4 2 2 2 2
 1 1 1 1 9 9 9 9 9 9 9 2 2 2 8
 1 1 1 1 1 9 9 9 9 9 9 9 2 2 2
 8 1 1 1 1 1 9 9 9 9 9 9 9 8 8
# Turn information for samurai of side 0 with weapon 1
# <turn>
128
# <cure period>
9
# Samurai states: <position x> <position y> <hiding>
4 5 0
0 14 0
13 10 0
-1 -1 1
-1 -1 1
-1 -1 1
# Battle field states
 9 9 9 9 5 9 9 9 9 9 9 9 9 9 9
 9 9 9 0 0 5 9 9 9 9 9 9 9 9 9
 9 9 0 0 0 5 5 9 9 9 9 9 9 9 9
 9 0 0 0 0 5 5 8 9 9 9 9 9 9 9
 8 0 0 0 0 5 5 8 8 9 9 9 9 9 9
 8 0 0 0 0 0 0 0 4 4 9 9 9 4 9
 0 0 0 0 0 0 0 8 4 9 9 9 3 3 3
 9 0 0 0 0 0 5 4 9 9 9 4 4 3 3
 9 9 0 0 0 0 5 9 9 9 4 4 8 3 3
 0 9 9 1 1 4 9 9 9 4 4 4 8 3 3
 1 1 9 9 4 9 9 9 4 4 4 8 8 3 3
 1 1 1 9 9 9 9 9 9 4 4 2 2 2 2
 1 1 1 1 9 9 9 9 9 9 2 2 2 2 8
 1 1 1 1 1 9 9 9 9 9 9 2 2 2 2
 8 1 1 1 1 1 9 9 9 9 9 9 2 8 8
# Turn information for samurai of side 0 with weapon 1
# <turn>
135
# <cure period>
2
# Samurai states: <position x> <position y> <hiding>
5 5 1
0 14 0
13 9 0
-1 -1 1
-1 -1 1
5 0 0
# Battle field states
 9 9 9 9 9 5 9 9 9 9 9 9 9 9 9
 9 9 9 9 5 0 5 9 9 9 9 9 9 9 9
 9 9 9 0 5 0 5 8 9 9 9 9 9 9 9
 9 9 0 0 0 0 5 8 8 9 9 9 9 9 9
 9 0 0 0 0 0 5 8 8 4 9 9 9 4 9
 8 0 0 0 0 0 0 0 4 4 4 9 3 4 3
 9 0 0 0 0 0 0 8 4 4 9 3 3 3 3
 9 9 0 0 0 0 5 4 4 9 4 4 4 3 3
 9 9 9 0 0 0 5 4 9 4 4 4 8 3 3
 0 9 9 9 1 4 4 9 4 4 4 4 2 2 2
 1 1 9 9 9 4 9 9 9 4 4 8 2 3 2
 1 1 1 9 9 9 9 9 9 9 4 2 2 2 2
 1 1 4 4 9 9 9 9 9 9 9 2 2 2 8
 1 1 1 4 4 9 9 9 9 9 9 9 2 2 2
 8 1 1 1 4 4 9 9 9 9 9 9 9 8 9
# Turn information for samurai of side 0 with weapon 1
# <turn>
140
# <cure period>
0
# Samurai states: <position x> <position y> <hiding>
6 5 0
0 14 0
13 9 0
-1 -1 1
-1 -1 1
-1 -1 1
# Battle field states
 9 9 9 9 9 9 5 9 9 9 9 9 9 9 9
 9 9 9 9 9 0 0 8 9 9 9 9 9 9 9
 9 9 9 9 5 0 0 8 8 9 9 9 9 9 9
 9 9 9 0 0 0 0 8 8 4 9 9 9 9 9
 9 9 0 0 0 0 0 8 8 4 4 9 9 4 9
 9 0 0 0 0 0 0 0 4 4 4 4 3 4 3
 9 9 0 0 0 0 0 8 4 4 3 3 3 3 3
 9 9 9 0 0 0 5 4 4 4 4 4 4 3 3
 9 9 9 9 0 0 5 4 4 4 4 4 8 3 3
 0 9 9 9 9 4 4 4 4 4 4 4 2 2 2
 1 1 9 9 9 9 4 9 9 4 4 8 2 3 2
 1 1 1 9 9 9 9 9 9 9 4 2 2 2 2
 1 1 4 4 9 9 9 9 9 9 9 2 2 2 8
 1 1 1 4 4 9 9 9 9 9 9 9 2 2 2
 8 1 1 1 4 4 9 9 9 9 9 9 9 8 9
# Turn information for samurai of side 0 with weapon 1
# <turn>
147
# <cure period>
0
# Samurai states: <position x> <position y> <hiding>
6 6 1
1 14 1
13 10 0
-1 -1 1
-1 -1 1
-1 -1 1
# Battle field states
 9 9 9 9 9 9 9 9 9 9 9 9 9 9 9
 9 9 9 9 9 9 0 9 9 9 9 9 9 9 9
 9 9 9 9 9 0 0 8 9 9 9 9 9 9 9
 9 9 9 9 0 0 0 8 8 9 9 9 9 9 9
 9 9 9 0 0 0 0 8 8 4 9 9 9 9 9
 9 9 0 0 0 0 0 0 4 4 4 9 9 4 9
 9 0 0 0 0 0 0 8 4 4 3 3 3 3 3
 9 9 0 0 0 0 0 4 4 4 4 4 4 3 3
 9 9 9 0 4 0 0 4 4 4 4 4 2 2 2
 9 0 9 9 4 4 0 4 4 4 4 4 2 2 2
 1 1 4 9 9 4 0 4 4 4 4 8 2 2 2
 1 1 4 4 9 9 1 9 9 4 4 2 2 2 2
 1 1 4 4 4 9 9 9 9 9 2 2 2 2 8
 1 1 1 4 4 4 9 9 9 9 9 2 2 2 2
 8 1 1 1 4 4 1 9 9 9 9 9 2 8 8
# Turn information for samurai of side 0 with weapon 1
# <turn>
152
# <cure period>
0
# Samurai states: <position x> <position y> <hiding>
6 6 1
2 14 0
13 9 0
-1 -1 1
-1 -1 1
-1 -1 1
# Battle field states
 9 9 9 9 9 9 9 9 9 9 9 9 9 9 9
 9 9 9 9 9 9 0 9 9 9 9 9 9 9 9
 9 9 9 9 9 0 0 8 9 9 9 9 9 9 9
 9 9 9 9 0 0 0 8 8 9 9 9 9 9 9
 9 9 9 0 0 0 0 8 8 4 9 9 9 4 9
 9 9 0 0 0 0 0 0 4 4 4 9 3 4 3
 9 0 0 0 0 0 0 0 0 0 0 3 3 3 3
 9 9 0 0 0 0 0 4 4 4 4 4 4 3 3
 9 9 9 0 4 0 0 4 4 4 4 4 2 2 2
 9 9 1 9 4 4 0 4 4 4 4 4 2 2 2
 9 1 4 4 9 4 0 4 9 4 4 8 2 2 2
 1 1 4 4 4 9 1 9 9 9 4 2 2 2 2
 1 1 1 4 4 4 9 9 9 9 9 2 2 2 8
 1 1 1 1 4 4 4 9 9 9 9 9 2 2 2
 8 1 1 1 1 4 1 2 9 9 9 9 9 8 9
# Turn information for samurai of side 0 with weapon 1
# <turn>
159
# <cure period>
0
# Samurai states: <position x> <position y> <hiding>
6 7 0
3 14 1
13 8 0
-1 -1 1
-1 -1 1
-1 -1 1
# Battle field states
 9 9 9 9 9 9 9 9 9 9 9 9 9 9 9
 9 9 9 9 9 9 9 9 9 9 9 9 9 9 9
 9 9 9 9 9 9 0 9 9 9 9 9 9 9 9
 9 9 9 9 9 0 0 8 9 9 9 9 9 4 9
 9 9 9 9 0 0 0 8 8 9 9 9 3 4 3
 9 9 9 0 0 0 0 0 4 4 9 4 3 4 3
 9 9 0 0 0 0 0 0 0 0 0 3 3 3 3
 9 0 0 0 0 4 0 0 0 0 0 4 4 3 3
 9 9 0 0 4 4 4 4 4 4 4 4 2 2 2
 9 9 9 4 4 4 4 4 4 4 4 4 2 2 2
 9 9 4 4 4 4 4 4 4 9 4 8 2 2 2
 9 1 4 4 4 4 1 4 9 9 9 2 2 2 2
 1 1 1 1 4 4 4 9 9 9 9 9 2 2 8
 1 1 1 1 1 4 4 4 9 9 9 9 9 2 9
 8 1 1 1 1 1 1 2 2 9 9 9 9 9 9
# Turn information for samurai of side 0 with weapon 1
# <turn>
164
# <cure period>
0
# Samurai states: <position x> <position y> <hiding>
7 7 1
3 13 0
13 7 0
-1 -1 1
-1 -1 1
-1 -1 1
# Battle field states
 9 9 9 9 9 9 9 9 9 9 9 9 9 9 9
 9 9 9 9 9 9 9 9 9 9 9 9 9 9 9
 9 9 9 9 9 9 9 5 9 9 9 9 9 4 9
 9 9 9 9 9 9 0 8 8 9 9 9 3 4 3
 9 9 9 9 9 0 0 8 8 4 9 4 3 4 3
 9 9 9 9 0 0 0 0 4 4 4 4 3 4 3
 9 9 9 0 0 0 0 0 0 0 0 3 2 2 2
 9 9 0 0 0 4 0 0 0 0 0 4 2 3 3
 9 9 9 0 4 4 4 0 4 4 4 4 2 2 2
 9 9 1 4 4 4 4 0 4 4 4 4 2 2 2
 9 1 4 4 4 4 4 0 4 4 9 8 2 2 2
 1 1 4 1 4 4 1 0 4 9 9 9 2 2 2
 1 1 1 1 1 4 4 4 9 9 9 9 9 2 9
 1 1 1 1 1 1 4 4 4 9 9 9 9 9 9
 8 1 1 1 1 1 1 2 9 9 9 9 9 9 9
# Turn information for samurai of side 0 with weapon 1
# <turn>
171
# <cure period>
0
# Samurai states: <position x> <position y> <hiding>
7 8 0
4 13 1
14 7 0
-1 -1 1
-1 -1 1
-1 -1 1
# Battle field states
 9 9 9 9 9 9 9 9 9 9 9 9 9 9 9
 9 9 9 9 9 9 9 9 9 9 9 9 9 9 9
 9 9 9 9 9 9 9 9 9 9 9 9 9 9 3
 9 9 9 9 9 9 9 5 9 9 9 9 9 4 3
 9 9 9 9 9 9 0 8 8 9 9 9 3 4 3
 9 9 9 9 9 0 0 0 4 4 9 4 3 4 3
 9 9 9 9 0 0 0 0 0 0 0 3 2 2 2
 9 9 9 0 0 4 0 0 0 0 0 4 2 3 2
 9 9 0 0 4 4 4 0 0 0 0 0 2 2 2
 9 9 9 4 4 4 4 0 4 4 4 4 2 2 2
 9 9 4 4 4 4 4 4 4 4 4 9 2 2 2
 9 1 4 4 4 4 4 0 4 4 9 9 9 2 2
 1 1 1 1 4 4 4 4 4 9 9 9 9 9 8
 1 1 1 1 1 4 1 4 4 2 9 9 9 9 9
 8 1 1 1 1 1 1 2 2 9 9 9 9 9 9
# Turn information for samurai of side 0 with weapon 1
# <turn>
176
# <cure period>
0
# Samurai states: <position x> <position y> <hiding>
7 9 1
4 12 0
14 8 0
-1 -1 1
-1 -1 1
-1 -1 1
# Battle field states
 9 9 9 9 9 9 9 9 9 9 9 9 9 9 9
 9 9 9 9 9 9 9 9 9 9 9 9 9 9 9
 9 9 9 9 9 9 9 9 9 9 9 9 9 9 9
 9 9 9 9 9 9 9 9 9 9 9 9 9 9 3
 9 9 9 9 9 9 9 5 9 9 9 9 9 4 3
 9 9 9 9 9 9 0 0 4 9 9 9 3 4 3
 9 9 9 9 9 0 0 0 0 0 9 3 2 2 2
 9 9 9 9 0 4 0 0 0 0 0 4 2 3 2
 9 9 9 0 4 4 4 0 0 0 0 0 2 2 2
 9 9 1 4 4 4 4 0 0 0 0 0 2 2 2
 9 1 4 4 1 4 4 4 4 4 4 8 2 2 2
 1 1 4 4 1 1 4 0 4 4 4 9 2 2 2
 1 1 1 1 4 1 1 4 4 4 9 9 9 2 8
 1 1 1 1 1 4 1 4 4 9 9 9 9 9 2
 9 1 1 1 1 1 1 2 9 9 9 9 9 9 9
# Turn information for samurai of side 0 with weapon 1
# <turn>
183
# <cure period>
0
# Samurai states: <position x> <position y> <hiding>
8 9 0
4 11 1
14 8 0
-1 -1 1
-1 -1 1
-1 -1 1
# Battle field states
 9 9 9 9 9 9 9 9 9 9 9 9 9 9 9
 9 9 9 9 9 9 9 9 9 9 9 9 9 9 9
 9 9 9 9 9 9 9 9 9 9 9 9 9 9 9
 9 9 9 9 9 9 9 9 9 9 9 9 9 9 3
 9 9 9 9 9 9 9 9 8 9 9 9 9 4 3
 9 9 9 9 9 9 9 5 4 4 9 9 3 4 3
 9 9 9 9 0 9 0 0 0 0 0 3 2 2 2
 9 9 9 0 0 4 0 0 0 0 0 4 2 2 2
 9 9 0 0 4 4 4 0 0 0 0 0 2 2 2
 9 0 1 4 1 4 4 0 0 0 0 0 2 2 2
 1 1 4 1 1 4 4 4 0 4 4 8 2 2 2
 1 1 1 1 1 1 4 0 0 4 4 2 2 2 2
 1 1 1 1 4 1 1 4 0 4 2 9 9 2 8
 9 1 1 1 1 4 1 4 0 2 9 9 9 9 2
 9 9 1 1 1 1 1 9 2 9 9 9 9 9 9
# Turn information for samurai of side 0 with weapon 1
# <turn>
188
# <cure period>
0
# Samurai states: <position x> <position y> <hiding>
8 10 1
5 11 0
13 6 1
-1 -1 1
-1 -1 1
-1 -1 1
# Battle field states
 9 9 9 9 9 9 9 9 9 9 9 9 9 9 9
 9 9 9 9 9 9 9 9 9 9 9 9 9 3 9
 9 9 9 9 9 9 9 9 9 9 9 9 3 3 3
 9 9 9 9 9 9 9 9 9 9 9 3 3 4 3
 9 9 9 9 9 9 9 9 9 9 4 3 3 4 3
 9 9 9 9 9 9 9 9 4 4 4 3 3 4 3
 9 9 9 9 9 5 9 5 0 0 0 3 2 2 2
 9 9 9 9 0 4 0 0 0 0 0 4 2 2 2
 9 9 9 0 4 4 4 0 0 0 0 0 2 2 2
 9 9 1 4 1 1 4 0 0 0 0 0 2 2 2
 9 1 4 1 1 1 1 4 0 0 0 0 0 2 2
 1 1 1 1 1 1 1 1 0 4 4 2 2 2 9
 9 1 1 1 4 1 1 4 0 4 2 2 9 9 9
 9 9 1 1 1 4 1 4 0 2 2 9 9 9 9
 9 9 9 1 1 1 1 2 2 2 9 9 9 9 9
