# <# turns> <side> <weapon> <width> <height> <cure period>
510 1 0 15 15 30
# Home positions
14 9
14 0
5 0
0 5
0 14
9 14
# Ranks and scores of samurai
1 80
0 93
4 28
2 40
5 24
3 31
# Turn information for samurai of side 1 with weapon 0
# <turn>
1
# <cure period>
0
# Samurai states: <position x> <position y> <hiding>
14 9 0
14 0 0
5 0 0
-1 -1 1
-1 -1 1
-1 -1 1
# Battle field states
 8 8 8 8 8 8 8 8 8 8 8 8 8 8 8
 9 8 8 8 8 8 8 8 8 8 8 8 8 8 8
 9 9 8 8 8 8 8 8 8 9 9 8 8 8 8
 9 9 9 8 8 8 8 8 9 9 9 9 8 8 8
 9 9 9 9 8 8 8 9 9 9 9 9 9 8 8
 9 9 9 9 9 8 9 9 9 9 9 9 9 8 8
 9 9 9 9 9 9 9 9 9 9 9 9 8 8 8
 9 9 9 9 9 9 9 9 9 9 9 8 8 8 8
 9 9 9 9 9 9 9 9 9 9 8 8 8 8 8
 9 9 9 9 9 9 9 9 9 8 8 8 8 8 8
 9 9 9 9 9 9 9 9 9 9 8 8 8 8 8
 9 9 9 9 9 9 9 9 9 9 9 8 8 8 8
 9 9 9 9 9 9 9 9 9 9 9 9 8 8 8
 9 9 9 9 9 9 9 9 9 9 9 9 9 8 8
 9 9 9 9 9 9 9 9 9 9 9 9 9 9 8
# Turn information for samurai of side 1 with weapon 0
# <turn>
6
# <cure period>
0
# Samurai states: <position x> <position y> <hiding>
14 9 0
14 0 0
5 1 0
-1 -1 1
-1 -1 1
-1 -1 1
# Battle field states
 9 8 8 8 2 8 2 8 8 8 8 8 1 1 8
 8 8 8 8 2 8 2 8 8 8 8 8 8 1 1
 9 8 8 8 2 2 2 8 8 8 9 8 8 8 1
 9 9 8 8 8 8 8 8 8 9 9 9 8 8 8
 9 9 9 8 8 8 8 8 9 9 9 9 9 8 8
 9 9 9 9 8 8 8 9 9 9 9 9 9 8 8
 9 9 9 9 9 8 9 9 9 9 9 9 8 8 8
 9 9 9 9 9 9 9 9 9 9 9 8 8 8 8
 9 9 9 9 9 9 9 9 9 9 8 8 8 8 8
 9 9 9 9 9 9 9 9 9 8 8 8 8 8 8
 9 9 9 9 9 9 9 9 9 9 8 8 8 8 0
 9 9 9 9 9 9 9 9 9 9 9 8 8 8 0
 9 9 9 9 9 9 9 9 9 9 9 9 8 8 0
 9 9 9 9 9 9 9 9 9 9 9 9 9 8 0
 9 9 9 9 9 9 9 9 9 9 9 9 9 9 8
# Turn information for samurai of side 1 with weapon 0
# <turn>
13
# <cure period>
0
# Samurai states: <position x> <position y> <hiding>
14 10 1
14 1 1
5 2 1
-1 -1 1
-1 -1 1
-1 -1 1
# Battle field states
 9 9 8 8 2 8 2 8 8 9 8 8 1 1 8
 9 8 8 8 2 2 2 8 8 8 8 8 1 1 1
 8 8 8 8 2 2 2 8 8 8 8 8 8 1 1
 9 8 8 8 2 2 2 8 8 8 9 8 8 8 1
 9 9 8 8 8 8 8 8 8 9 9 9 8 8 8
 9 9 9 3 3 8 8 8 9 9 9 9 9 8 0
 9 9 9 9 3 8 8 9 9 9 9 9 9 8 0
 9 9 9 9 9 8 9 9 9 9 9 9 8 8 0
 9 9 9 9 9 9 9 9 9 9 9 8 8 8 0
 9 9 9 9 9 9 9 9 9 9 8 8 8 8 8
 9 9 9 9 9 9 9 9 9 8 8 8 8 8 0
 9 9 9 9 9 9 9 9 9 9 8 8 8 8 0
 9 9 9 9 9 9 9 9 9 9 9 5 8 8 0
 9 9 9 9 9 9 9 9 9 9 9 9 8 8 0
 9 9 9 9 9 9 9 9 9 9 9 9 9 8 8
# Turn information for samurai of side 1 with weapon 0
# <turn>
18
# <cure period>
0
# Samurai states: <position x> <position y> <hiding>
14 10 1
14 2 0
5 3 0
-1 -1 1
-1 -1 1
-1 -1 1
# Battle field states
 9 9 9 8 2 8 2 8 9 9 9 8 1 1 8
 9 9 8 8 2 2 2 8 8 9 8 8 1 1 1
 9 8 8 8 2 2 2 8 8 8 8 8 1 1 1
 8 8 8 8 2 2 2 8 8 8 8 8 8 1 1
 9 8 8 8 2 2 2 8 8 8 9 8 8 8 1
 9 9 3 3 3 8 8 8 8 9 9 9 8 8 0
 9 9 9 3 3 8 8 8 9 9 9 9 9 8 0
 9 9 9 9 8 8 8 9 9 9 9 9 8 8 0
 9 9 9 9 9 8 9 9 9 9 9 8 8 8 0
 9 9 9 9 9 9 9 9 9 9 8 8 8 8 8
 9 9 9 9 9 9 9 9 9 8 0 0 0 0 0
 9 9 9 9 9 9 9 9 9 9 8 8 8 8 0
 9 9 9 9 9 9 9 9 9 9 9 5 5 8 0
 9 9 9 9 9 9 9 9 9 9 9 9 5 8 0
 9 9 9 9 9 9 9 9 9 9 9 9 9 8 8
# Turn information for samurai of side 1 with weapon 0
# <turn>
25
# <cure period>
0
# Samurai states: <position x> <position y> <hiding>
14 11 0
13 2 1
5 4 1
-1 -1 1
-1 -1 1
-1 -1 1
# Battle field states
 9 9 9 9 2 8 2 9 9 9 8 8 1 1 8
 9 9 9 8 2 2 2 8 9 8 8 8 1 1 1
 9 9 8 8 2 2 2 8 8 8 8 1 1 1 1
 9 8 8 8 2 2 2 8 8 8 8 8 1 1 1
 8 8 8 8 2 2 2 8 8 8 8 8 8 1 1
 9 3 3 3 2 2 2 8 8 8 9 8 8 8 0
 9 9 3 3 3 8 8 8 8 9 9 9 8 8 0
 9 9 9 3 3 8 8 8 9 9 9 9 9 8 0
 9 9 9 9 3 8 8 9 9 9 9 9 8 8 0
 9 9 9 9 9 8 9 9 9 9 9 8 8 8 8
 9 9 9 9 9 9 9 9 9 9 0 0 0 0 0
 9 9 9 9 9 9 9 9 9 8 0 0 0 0 0
 9 9 9 9 9 9 9 9 9 9 5 5 5 5 0
 9 9 9 9 9 9 9 9 9 9 9 5 5 5 0
 9 9 9 9 9 9 9 9 9 9 9 9 5 5 8
# Turn information for samurai of side 1 with weapon 0
# <turn>
30
# <cure period>
28
# Samurai states: <position x> <position y> <hiding>
14 9 0
13 3 0
5 5 0
-1 -1 1
-1 -1 1
13 13 0
# Battle field states
 9 9 9 9 9 8 9 9 9 9 9 8 1 1 8
 9 9 9 9 2 2 2 9 9 9 8 8 1 1 1
 9 9 9 8 2 2 2 8 9 8 8 1 1 1 1
 9 9 8 8 2 2 2 8 8 8 8 1 1 1 1
 9 8 8 8 2 2 2 8 8 8 8 8 1 1 1
 8 3 3 3 2 2 2 8 8 8 8 8 8 1 0
 9 3 3 3 2 2 2 8 8 8 9 8 8 8 0
 9 9 3 3 3 8 8 8 8 9 9 8 8 8 0
 9 9 9 3 3 8 8 8 9 9 8 8 8 8 0
 9 9 9 9 8 8 8 9 9 8 8 8 8 8 8
 9 9 9 9 9 8 9 9 9 9 0 0 0 0 0
 9 9 9 9 9 9 9 9 9 9 9 0 0 0 0
 9 9 9 9 9 9 9 9 9 9 9 9 5 5 5
 9 9 9 9 9 9 9 9 9 9 9 9 9 5 5
 9 9 9 9 9 9 9 9 9 9 9 9 9 9 5
# Turn information for samurai of side 1 with weapon 0
# <turn>
37
# <cure period>
21
# Samurai states: <position x> <position y> <hiding>
14 9 0
13 4 1
5 6 1
-1 -1 1
-1 -1 1
-1 -1 1
# Battle field states
 9 9 9 9 9 9 9 9 9 9 9 9 1 1 8
 9 9 9 9 9 2 9 9 9 9 9 8 1 1 1
 9 9 9 9 2 2 2 9 9 9 8 1 1 1 1
 9 9 9 8 2 2 2 8 9 8 8 1 1 1 1
 9 9 8 8 2 2 2 8 8 8 8 1 1 1 1
 9 3 3 3 2 2 2 8 8 8 8 8 1 1 0
 3 3 3 3 2 2 2 8 8 8 8 8 8 1 0
 9 3 3 3 2 2 2 8 8 8 9 8 8 8 0
 9 9 3 3 3 8 8 8 8 9 8 8 8 8 0
 9 9 9 3 3 8 8 8 9 8 8 8 8 8 8
 9 9 9 9 3 8 8 9 9 9 0 0 0 0 0
 9 9 9 9 9 8 9 9 9 9 9 0 5 5 5
 9 9 9 9 9 9 9 9 9 9 9 9 5 5 5
 9 9 9 9 9 9 9 9 9 9 9 9 9 5 5
 9 9 9 9 9 9 9 9 9 9 9 9 9 9 5
# Turn information for samurai of side 1 with weapon 0
# <turn>
42
# <cure period>
16
# Samurai states: <position x> <position y> <hiding>
14 9 0
13 5 0
5 7 0
-1 -1 1
-1 -1 1
13 11 0
# Battle field states
 9 9 9 9 9 9 9 9 9 9 9 9 9 1 9
 9 9 9 9 9 9 9 9 9 9 9 9 1 1 1
 9 9 9 9 9 2 9 9 9 9 9 1 1 1 1
 9 9 9 9 2 2 2 9 9 9 8 1 1 1 1
 9 9 9 8 2 2 2 8 9 8 8 1 1 1 1
 9 9 3 3 2 2 2 8 8 8 8 1 1 1 0
 9 3 3 3 2 2 2 8 8 8 8 8 1 1 0
 3 3 3 3 2 2 2 8 8 8 8 8 8 1 0
 9 3 3 3 2 2 2 8 8 8 8 8 8 8 0
 9 9 3 3 3 8 8 8 8 8 8 8 8 8 8
 9 9 9 3 3 8 8 8 9 9 0 0 5 5 5
 9 9 9 9 8 4 8 9 9 9 9 0 5 5 5
 9 9 9 9 9 4 9 9 9 9 9 9 5 5 5
 9 9 9 9 9 9 9 9 9 9 9 9 9 5 5
 9 9 9 9 9 9 9 9 9 9 9 9 9 9 5
# Turn information for samurai of side 1 with weapon 0
# <turn>
49
# <cure period>
28
# Samurai states: <position x> <position y> <hiding>
14 9 0
13 6 1
5 8 1
-1 -1 1
-1 -1 1
-1 -1 1
# Battle field states
 9 9 9 9 9 9 9 9 9 9 9 9 9 9 9
 9 9 9 9 9 9 9 9 9 9 9 9 9 1 9
 9 9 9 9 9 9 9 9 9 9 9 9 1 1 1
 9 9 9 9 9 2 9 9 9 9 9 1 1 1 1
 9 9 9 9 2 2 2 9 9 9 8 1 1 1 1
 9 9 9 3 2 2 2 8 9 8 8 1 1 1 0
 9 9 3 3 2 2 2 8 8 8 8 1 1 1 0
 9 3 3 3 2 2 2 8 8 8 8 8 1 1 0
 3 3 3 3 2 2 2 8 8 8 8 8 8 1 0
 9 3 3 3 2 2 2 8 8 8 8 8 5 5 5
 9 9 3 3 3 4 8 8 8 9 0 0 5 5 5
 9 9 9 3 3 4 4 8 9 9 9 0 5 5 5
 9 9 9 9 4 4 4 9 9 9 9 9 5 5 5
 9 9 9 9 9 4 9 9 9 9 9 9 9 5 5
 9 9 9 9 9 9 9 9 9 9 9 9 9 9 5
# Turn information for samurai of side 1 with weapon 0
# <turn>
54
# <cure period>
23
# Samurai states: <position x> <position y> <hiding>
14 9 0
13 7 0
6 8 0
-1 -1 1
5 11 0
12 10 0
# Battle field states
 9 9 9 9 9 9 9 9 9 9 9 9 9 9 9
 9 9 9 9 9 9 9 9 9 9 9 9 9 9 9
 9 9 9 9 9 9 9 9 9 9 9 9 9 1 9
 9 9 9 9 9 9 2 9 9 9 9 9 1 1 1
 9 9 9 9 9 2 2 8 9 9 9 1 1 1 1
 9 9 9 9 2 2 2 8 8 9 8 1 1 1 0
 9 9 9 3 2 2 2 8 8 8 8 1 1 1 0
 9 9 3 3 2 2 2 2 8 8 8 1 1 1 0
 9 3 3 3 2 2 2 2 8 8 8 8 1 1 0
 9 9 3 3 2 2 2 2 8 8 8 5 5 5 5
 9 9 9 3 3 4 4 8 8 8 0 5 5 5 5
 9 9 9 9 3 4 4 4 8 9 9 5 5 5 5
 9 9 9 9 9 4 4 4 9 9 9 9 5 5 5
 9 9 9 9 9 9 4 9 9 9 9 9 9 5 5
 9 9 9 9 9 9 9 9 9 9 9 9 9 9 5
# Turn information for samurai of side 1 with weapon 0
# <turn>
61
# <cure period>
16
# Samurai states: <position x> <position y> <hiding>
14 9 0
14 0 0
6 9 0
-1 -1 1
-1 -1 1
12 9 0
# Battle field states
 9 9 9 9 9 9 9 9 9 8 8 8 1 1 8
 9 9 9 9 9 9 9 9 9 9 8 8 1 1 1
 9 9 9 9 9 9 9 9 9 9 9 1 1 1 1
 9 9 9 9 9 9 9 9 9 9 9 9 1 1 1
 9 9 9 9 9 9 2 9 9 9 9 9 9 1 1
 9 9 9 9 9 2 2 8 9 9 9 9 9 1 0
 9 9 9 9 2 2 2 8 8 9 9 9 1 1 0
 9 9 9 3 2 2 2 2 8 8 9 1 1 1 0
 9 9 3 3 2 2 2 2 8 8 8 5 5 5 0
 9 3 3 3 2 2 4 2 8 8 8 5 1 5 5
 9 9 3 3 3 2 2 2 8 8 0 5 5 5 5
 9 9 9 3 3 4 4 4 8 8 9 5 5 5 5
 9 9 9 9 3 4 4 4 5 9 9 9 5 5 5
 9 9 9 9 9 4 4 4 9 9 9 9 9 5 5
 9 9 9 9 9 9 4 9 9 9 9 9 9 9 5
# Turn information for samurai of side 1 with weapon 0
# <turn>
66
# <cure period>
11
# Samurai states: <position x> <position y> <hiding>
14 9 0
14 0 0
6 10 1
-1 -1 1
-1 -1 1
-1 -1 1
# Battle field states
 9 9 9 9 9 9 9 9 9 8 8 8 1 1 8
 9 9 9 9 9 9 9 9 9 9 8 8 1 1 1
 9 9 9 9 9 9 9 9 9 9 9 1 1 1 1
 9 9 9 9 9 9 9 9 9 9 9 9 1 1 1
 9 9 9 9 9 9 9 9 9 9 9 9 9 1 1
 9 9 9 9 9 9 2 9 9 9 9 9 9 1 0
 9 9 9 9 9 2 2 8 9 9 9 9 1 1 0
 9 9 9 9 2 2 2 2 8 9 9 5 5 5 0
 9 9 9 3 2 2 2 2 8 8 8 5 5 5 0
 9 9 3 3 2 2 2 2 8 8 8 5 5 5 5
 9 3 3 3 3 2 2 2 8 8 0 5 5 5 5
 9 9 3 3 3 2 2 2 8 8 0 5 5 5 5
 9 9 9 3 3 4 4 4 5 5 9 9 5 5 5
 9 9 9 9 3 4 4 4 5 9 9 9 9 5 5
 9 9 9 9 9 4 4 4 9 9 9 9 9 9 5
# Turn information for samurai of side 1 with weapon 0
# <turn>
73
# <cure period>
28
# Samurai states: <position x> <position y> <hiding>
14 9 0
14 0 0
6 11 0
-1 -1 1
-1 -1 1
13 8 0
# Battle field states
 9 9 9 9 9 9 9 9 9 8 8 8 1 1 8
 9 9 9 9 9 9 9 9 9 9 8 8 1 1 1
 9 9 9 9 9 9 9 9 9 9 9 1 1 1 1
 9 9 9 9 9 9 9 9 9 9 9 9 1 1 1
 9 9 9 9 9 9 9 9 9 9 9 9 9 1 1
 9 9 9 9 9 9 9 9 9 9 9 9 9 1 0
 9 9 9 9 9 9 2 9 9 9 9 9 1 1 0
 9 9 9 9 9 2 2 2 9 9 9 5 5 5 5
 9 9 9 9 2 2 2 2 8 9 8 5 5 5 5
 9 9 9 3 2 2 2 2 8 8 8 5 5 5 5
 9 9 3 3 3 2 2 2 8 8 0 5 5 5 5
 9 3 3 3 3 2 2 2 8 8 0 5 5 5 5
 9 9 3 3 3 3 2 2 5 5 0 9 5 5 5
 9 9 9 3 3 4 4 4 5 5 9 9 9 5 5
 9 9 9 9 4 4 4 4 5 9 9 9 9 9 5
# Turn information for samurai of side 1 with weapon 0
# <turn>
78
# <cure period>
23
# Samurai states: <position x> <position y> <hiding>
14 9 0
14 0 0
6 12 1
1 12 0
-1 -1 1
-1 -1 1
# Battle field states
 9 9 9 9 9 9 9 9 9 8 8 8 1 1 8
 9 9 9 9 9 9 9 9 9 9 8 8 1 1 1
 9 9 9 9 9 9 9 9 9 9 9 1 1 1 1
 9 9 9 9 9 9 9 9 9 9 9 9 1 1 1
 9 9 9 9 9 9 9 9 9 9 9 9 9 1 1
 9 9 9 9 9 9 9 9 9 9 9 9 9 1 0
 9 9 9 9 9 9 9 9 9 9 9 9 5 5 5
 9 9 9 9 9 9 2 9 9 9 9 5 5 5 5
 9 9 9 9 9 2 2 2 9 9 8 5 5 5 5
 9 9 9 9 2 2 2 2 8 8 8 5 5 5 5
 9 9 9 3 3 2 2 2 8 8 0 5 5 5 5
 9 9 3 3 3 2 2 2 8 8 0 5 5 5 5
 9 3 3 3 3 2 2 2 5 5 0 0 5 5 5
 9 9 3 3 3 2 4 2 5 5 5 9 9 5 5
 9 9 9 4 4 4 4 4 5 5 9 9 9 9 5
# Turn information for samurai of side 1 with weapon 0
# <turn>
85
# <cure period>
16
# Samurai states: <position x> <position y> <hiding>
14 9 0
14 0 0
5 0 0
-1 -1 1
-1 -1 1
13 6 0
# Battle field states
 8 8 8 8 2 8 2 8 8 8 8 8 1 1 8
 9 8 8 8 2 2 2 8 8 8 8 8 1 1 1
 9 9 8 8 2 2 2 8 8 9 9 1 1 1 1
 9 9 9 8 2 2 2 8 9 9 9 9 1 1 1
 9 9 9 9 2 2 2 9 9 9 9 9 9 1 1
 9 9 9 9 9 2 9 9 9 9 9 9 9 5 5
 9 9 9 9 9 9 9 9 9 9 9 9 5 5 5
 9 9 9 9 9 9 9 9 9 9 9 5 5 5 5
 9 9 9 9 9 9 9 9 9 9 8 5 5 5 5
 9 9 9 9 9 9 9 9 9 8 8 5 5 5 5
 9 9 9 9 9 9 9 9 9 9 0 5 5 5 5
 9 9 9 9 9 9 9 9 9 9 9 5 5 5 5
 9 9 9 9 9 9 9 9 9 9 9 9 5 5 5
 9 9 9 9 9 9 9 9 9 9 9 9 9 5 5
 9 9 9 9 9 9 9 9 9 9 9 9 9 9 5
# Turn information for samurai of side 1 with weapon 0
# <turn>
90
# <cure period>
11
# Samurai states: <position x> <position y> <hiding>
14 9 0
14 0 0
5 0 0
-1 -1 1
-1 -1 1
-1 -1 1
# Battle field states
 8 8 8 8 2 8 2 8 8 8 8 8 1 1 8
 9 8 8 8 2 2 2 8 8 8 8 8 1 1 1
 9 9 8 8 2 2 2 8 8 9 9 1 1 1 1
 9 9 9 8 2 2 2 8 9 9 9 9 1 1 1
 9 9 9 9 2 2 2 9 9 9 9 9 9 5 5
 9 9 9 9 9 2 9 9 9 9 9 9 9 5 5
 9 9 9 9 9 9 9 9 9 9 9 9 5 5 5
 9 9 9 9 9 9 9 9 9 9 9 5 5 5 5
 9 9 9 9 9 9 9 9 9 9 8 5 5 5 5
 9 9 9 9 9 9 9 9 9 8 8 5 5 5 5
 9 9 9 9 9 9 9 9 9 9 0 5 5 5 5
 9 9 9 9 9 9 9 9 9 9 9 5 5 5 5
 9 9 9 9 9 9 9 9 9 9 9 9 5 5 5
 9 9 9 9 9 9 9 9 9 9 9 9 9 5 5
 9 9 9 9 9 9 9 9 9 9 9 9 9 9 5
# Turn information for samurai of side 1 with weapon 0
# <turn>
97
# <cure period>
4
# Samurai states: <position x> <position y> <hiding>
14 9 0
13 0 1
5 0 0
-1 -1 1
-1 -1 1
13 4 0
# Battle field states
 8 8 8 8 2 8 2 8 8 8 8 1 1 1 8
 9 8 8 8 2 2 2 8 8 8 8 8 1 1 1
 9 9 8 8 2 2 2 8 8 9 8 1 1 1 1
 9 9 9 8 2 2 2 8 9 9 9 1 5 5 5
 9 9 9 9 2 2 2 9 9 9 9 9 5 5 5
 9 9 9 9 9 2 9 9 9 9 9 9 9 5 5
 9 9 9 9 9 9 9 9 9 9 9 9 5 5 5
 9 9 9 9 9 9 9 9 9 9 9 5 5 5 5
 9 9 9 9 9 9 9 9 9 9 8 5 5 5 5
 9 9 9 9 9 9 9 9 9 8 8 5 5 5 5
 9 9 9 9 9 9 9 9 9 9 0 5 5 5 5
 9 9 9 9 9 9 9 9 9 9 9 5 5 5 5
 9 9 9 9 9 9 9 9 9 9 9 9 5 5 5
 9 9 9 9 9 9 9 9 9 9 9 9 9 5 5
 9 9 9 9 9 9 9 9 9 9 9 9 9 9 5
# Turn information for samurai of side 1 with weapon 0
# <turn>
102
# <cure period>
0
# Samurai states: <position x> <position y> <hiding>
14 9 0
13 1 0
5 0 0
-1 -1 1
-1 -1 1
-1 -1 1
# Battle field states
 8 8 8 8 2 8 2 8 8 8 8 1 1 1 8
 9 8 8 8 2 2 2 8 8 8 8 1 1 1 1
 9 9 8 8 2 2 2 8 8 8 8 1 1 1 1
 9 9 9 8 2 2 2 8 9 9 8 5 5 5 5
 9 9 9 9 2 2 2 9 9 9 9 5 5 5 5
 9 9 9 9 9 2 9 9 9 9 9 9 5 5 5
 9 9 9 9 9 9 9 9 9 9 9 9 5 5 5
 9 9 9 9 9 9 9 9 9 9 9 5 5 5 5
 9 9 9 9 9 9 9 9 9 9 8 5 5 5 5
 9 9 9 9 9 9 9 9 9 8 8 5 5 5 5
 9 9 9 9 9 9 9 9 9 9 0 5 5 5 5
 9 9 9 9 9 9 9 9 9 9 9 5 5 5 5
 9 9 9 9 9 9 9 9 9 9 9 9 5 5 5
 9 9 9 9 9 9 9 9 9 9 9 9 9 5 5
 9 9 9 9 9 9 9 9 9 9 9 9 9 9 5
# Turn information for samurai of side 1 with weapon 0
# <turn>
109
# <cure period>
0
# Samurai states: <position x> <position y> <hiding>
14 9 0
14 0 0
5 0 0
-1 -1 1
-1 -1 1
12 3 0
# Battle field states
 8 8 8 8 2 8 2 8 8 8 8 1 1 1 8
 9 8 8 8 2 2 2 8 8 8 8 1 1 1 1
 9 9 8 8 2 2 2 8 8 9 9 5 5 5 1
 9 9 9 8 2 2 2 8 9 9 9 9 5 5 1
 9 9 9 9 2 2 2 9 9 9 9 9 9 5 5
 9 9 9 9 9 2 9 9 9 9 9 9 9 5 5
 9 9 9 9 9 9 9 9 9 9 9 9 5 5 5
 9 9 9 9 9 9 9 9 9 9 9 5 5 5 5
 9 9 9 9 9 9 9 9 9 9 8 5 5 5 5
 9 9 9 9 9 9 9 9 9 8 8 5 5 5 5
 9 9 9 9 9 9 9 9 9 9 0 5 5 5 0
 9 9 9 9 9 9 9 9 9 9 9 5 5 5 0
 9 9 9 9 9 9 9 9 9 9 9 9 5 5 0
 9 9 9 9 9 9 9 9 9 9 9 9 9 5 0
 9 9 9 9 9 9 9 9 9 9 9 9 9 9 5
# Turn information for samurai of side 1 with weapon 0
# <turn>
114
# <cure period>
0
# Samurai states: <position x> <position y> <hiding>
14 10 1
14 0 0
4 0 1
-1 -1 1
-1 -1 1
-1 -1 1
# Battle field states
 8 8 8 2 2 2 2 8 8 8 8 1 1 1 8
 8 8 8 2 2 2 2 8 8 9 8 1 1 1 1
 9 8 8 8 2 2 2 8 9 9 9 5 5 5 5
 9 9 8 8 2 2 2 9 9 9 9 9 5 5 5
 9 9 9 8 2 2 9 9 9 9 9 9 9 5 5
 9 9 9 9 2 9 9 9 9 9 9 9 9 9 0
 9 9 9 9 9 9 9 9 9 9 9 9 9 5 0
 9 9 9 9 9 9 9 9 9 9 9 9 5 5 0
 9 9 9 9 9 9 9 9 9 9 9 5 5 5 0
 9 9 9 9 9 9 9 9 9 9 8 5 5 5 5
 9 9 9 9 9 9 9 9 9 8 0 5 5 5 0
 9 9 9 9 9 9 9 9 9 9 0 5 5 5 0
 9 9 9 9 9 9 9 9 9 9 9 0 5 5 0
 9 9 9 9 9 9 9 9 9 9 9 9 5 5 0
 9 9 9 9 9 9 9 9 9 9 9 9 9 5 5
# Turn information for samurai of side 1 with weapon 0
# <turn>
121
# <cure period>
0
# Samurai states: <position x> <position y> <hiding>
14 9 0
14 0 0
3 0 0
-1 -1 1
-1 -1 1
13 2 0
# Battle field states
 8 8 2 2 2 2 2 8 8 8 8 1 1 1 8
 8 8 3 2 2 2 2 8 9 9 8 1 5 5 5
 8 8 3 8 2 2 2 9 9 9 9 5 5 5 5
 9 8 3 8 2 2 9 9 9 9 9 9 5 5 5
 9 9 3 8 2 9 9 9 9 9 9 9 9 5 5
 9 9 9 3 9 9 9 9 9 9 9 9 9 5 0
 9 9 9 9 9 9 9 9 9 9 9 9 5 5 0
 9 9 9 9 9 9 9 9 9 9 9 5 5 5 0
 9 9 9 9 9 9 9 9 9 9 8 5 5 5 0
 9 9 9 9 9 9 9 9 9 8 0 0 0 0 5
 9 9 9 9 9 9 9 9 9 9 0 5 5 5 0
 9 9 9 9 9 9 9 9 9 9 9 5 5 5 0
 9 9 9 9 9 9 9 9 9 9 9 9 5 5 0
 9 9 9 9 9 9 9 9 9 9 9 9 9 5 0
 9 9 9 9 9 9 9 9 9 9 9 9 9 9 5
# Turn information for samurai of side 1 with weapon 0
# <turn>
126
# <cure period>
0
# Samurai states: <position x> <position y> <hiding>
14 8 1
14 0 0
3 1 1
2 5 0
-1 -1 1
-1 -1 1
# Battle field states
 8 8 2 2 2 2 2 8 9 8 8 1 5 5 5
 8 8 2 2 2 2 2 8 8 9 8 1 5 5 5
 8 8 2 2 2 2 2 8 9 9 9 5 5 5 5
 8 8 3 8 2 2 2 9 9 9 9 9 5 5 5
 9 8 3 8 2 2 9 9 9 9 9 9 9 5 5
 9 9 3 3 2 9 9 9 9 9 9 9 5 5 0
 9 9 9 3 9 9 9 9 9 9 9 1 5 5 0
 9 9 9 9 9 9 9 9 9 9 8 5 5 5 0
 9 9 9 9 9 9 9 9 9 8 0 0 0 0 0
 9 9 9 9 9 9 9 9 9 9 0 0 0 0 5
 9 9 9 9 9 9 9 9 9 9 9 5 5 5 0
 9 9 9 9 9 9 9 9 9 9 9 9 5 5 0
 9 9 9 9 9 9 9 9 9 9 9 9 9 5 0
 9 9 9 9 9 9 9 9 9 9 9 9 9 9 0
 9 9 9 9 9 9 9 9 9 9 9 9 9 9 9
# Turn information for samurai of side 1 with weapon 0
# <turn>
133
# <cure period>
0
# Samurai states: <position x> <position y> <hiding>
14 7 0
14 0 0
2 1 0
-1 -1 1
-1 -1 1
12 1 0
# Battle field states
 8 2 2 2 2 2 2 9 9 8 8 5 5 5 5
 8 2 2 3 2 2 2 8 9 9 8 5 5 5 5
 8 2 2 3 2 2 2 9 9 9 9 5 5 5 5
 8 8 3 3 2 2 9 9 9 9 9 9 5 5 5
 8 8 3 3 2 9 9 9 9 9 9 9 5 5 5
 9 3 3 3 9 9 9 9 9 9 9 5 5 5 0
 9 9 3 9 9 9 9 9 9 9 8 1 5 5 0
 9 9 9 9 9 9 9 9 9 8 0 0 0 0 0
 9 9 9 9 9 9 9 9 9 9 0 0 0 0 0
 9 9 9 9 9 9 9 9 9 9 9 0 0 0 5
 9 9 9 9 9 9 9 9 9 9 9 9 5 5 0
 9 9 9 9 9 9 9 9 9 9 9 9 9 5 0
 9 9 9 9 9 9 9 9 9 9 9 9 9 9 0
 9 9 9 9 9 9 9 9 9 9 9 9 9 9 9
 9 9 9 9 9 9 9 9 9 9 9 9 9 9 9
# Turn information for samurai of side 1 with weapon 0
# <turn>
138
# <cure period>
0
# Samurai states: <position x> <position y> <hiding>
13 7 1
14 0 0
2 2 1
-1 -1 1
-1 -1 1
-1 -1 1
# Battle field states
 8 2 2 2 2 2 9 9 9 8 5 5 5 5 5
 8 2 2 2 2 2 2 9 9 9 5 5 5 5 5
 8 2 2 2 2 2 2 8 9 9 9 5 5 5 5
 8 2 2 2 2 2 2 9 9 9 9 9 5 0 5
 8 8 3 3 2 2 9 9 9 9 9 5 5 0 5
 8 3 3 3 3 9 9 9 9 9 8 5 5 0 0
 9 3 3 3 9 9 9 9 9 8 8 1 5 0 0
 9 9 3 9 9 9 9 9 8 8 0 0 0 0 0
 9 9 9 9 9 9 9 9 9 8 0 0 0 0 0
 9 9 9 9 9 9 9 9 9 9 0 0 0 0 5
 9 9 9 9 9 9 9 9 9 9 9 5 5 5 0
 9 9 9 9 9 9 9 9 9 9 9 9 5 5 0
 9 9 9 9 9 9 9 9 9 9 9 9 9 5 9
 9 9 9 9 9 9 9 9 9 9 9 9 9 9 9
 9 9 9 9 9 9 9 9 9 9 9 9 9 9 9
# Turn information for samurai of side 1 with weapon 0
# <turn>
145
# <cure period>
0
# Samurai states: <position x> <position y> <hiding>
12 7 0
14 0 0
2 3 0
-1 -1 1
-1 -1 1
10 1 0
# Battle field states
 8 2 2 2 2 9 9 9 9 5 5 5 5 5 5
 8 2 2 2 3 3 9 9 9 9 5 5 5 5 5
 8 2 2 2 3 3 2 9 9 9 9 5 5 5 5
 8 2 2 2 3 3 2 8 9 9 9 5 0 0 5
 8 2 2 2 3 3 2 9 9 9 8 5 0 0 5
 8 3 3 3 3 3 9 9 9 8 8 5 0 0 0
 3 3 3 3 3 9 9 9 8 8 8 1 0 0 0
 9 3 3 3 9 9 9 2 8 8 0 0 0 0 0
 9 9 3 9 9 9 9 9 8 8 0 0 0 0 0
 9 9 9 9 9 9 9 9 9 8 0 0 0 0 5
 9 9 9 9 9 9 9 9 9 9 0 5 5 5 0
 9 9 9 9 9 9 9 9 9 9 9 5 5 5 9
 9 9 9 9 9 9 9 9 9 9 9 9 5 9 9
 9 9 9 9 9 9 9 9 9 9 9 9 9 9 9
 9 9 9 9 9 9 9 9 9 9 9 9 9 9 9
# Turn information for samurai of side 1 with weapon 0
# <turn>
150
# <cure period>
0
# Samurai states: <position x> <position y> <hiding>
12 6 1
14 0 0
2 4 1
-1 -1 1
-1 -1 1
-1 -1 1
# Battle field states
 9 2 2 2 9 9 9 9 9 5 5 5 5 5 5
 8 2 2 2 3 9 9 9 9 9 5 5 5 5 5
 8 2 2 2 3 3 9 9 9 9 9 5 5 5 5
 8 2 2 2 3 3 2 9 9 9 8 5 0 0 5
 8 2 2 2 3 3 2 8 9 8 8 5 0 0 5
 8 2 2 2 3 3 3 9 8 8 8 5 0 0 0
 3 3 3 3 3 3 9 8 0 0 0 0 0 0 0
 3 3 3 3 3 9 9 9 8 8 0 0 0 0 0
 9 3 3 3 9 9 9 9 9 8 0 0 0 0 0
 9 9 3 9 9 9 9 9 9 9 0 0 0 0 5
 9 9 9 9 9 9 9 9 9 9 9 5 5 5 9
 9 9 9 9 9 9 9 9 9 9 9 9 5 9 9
 9 9 9 9 9 9 9 9 9 9 9 9 9 9 9
 9 9 9 9 9 9 9 9 9 9 9 9 9 9 9
 9 9 9 9 9 9 9 9 9 9 9 9 9 9 9
# Turn information for samurai of side 1 with weapon 0
# <turn>
157
# <cure period>
0
# Samurai states: <position x> <position y> <hiding>
12 5 0
14 0 0
2 5 0
-1 -1 1
-1 -1 1
-1 -1 1
# Battle field states
 9 9 2 9 9 9 9 9 9 5 5 5 5 5 5
 9 2 2 2 9 9 9 9 9 9 5 5 5 5 5
 8 2 2 2 3 9 9 9 9 9 5 5 5 5 5
 8 2 2 2 3 3 9 9 9 5 5 5 0 0 5
 8 2 2 2 3 3 3 9 8 8 8 5 0 0 5
 8 2 2 2 3 3 3 3 0 0 0 0 0 0 0
 3 2 2 2 3 3 3 9 3 3 3 0 0 0 0
 3 3 3 3 3 3 9 9 9 8 0 0 0 0 0
 3 3 3 3 3 9 9 9 9 9 0 0 0 0 0
 9 3 3 3 9 9 9 9 9 9 9 0 0 0 9
 9 9 3 9 9 9 9 9 9 9 9 9 5 9 9
 9 9 9 9 9 9 9 9 9 9 9 9 9 9 9
 9 9 9 9 9 9 9 9 9 9 9 9 9 9 9
 9 9 9 9 9 9 9 9 9 9 9 9 9 9 9
 9 9 9 9 9 9 9 9 9 9 9 9 9 9 9
# Turn information for samurai of side 1 with weapon 0
# <turn>
162
# <cure period>
0
# Samurai states: <position x> <position y> <hiding>
12 4 1
14 0 0
2 6 1
-1 -1 1
-1 -1 1
-1 -1 1
# Battle field states
 9 9 9 9 9 9 9 9 9 5 5 5 1 1 5
 9 9 2 9 9 9 9 9 9 9 5 5 5 1 1
 9 2 2 2 9 9 9 9 9 5 5 5 5 5 1
 8 2 2 2 3 9 9 9 5 5 5 5 0 0 5
 8 2 2 2 3 3 9 8 5 5 5 0 0 0 5
 8 2 2 2 3 3 3 9 0 0 0 0 0 0 0
 3 2 2 2 3 3 3 3 9 3 3 0 0 0 0
 3 2 2 2 3 3 3 9 9 9 0 0 0 0 0
 3 3 3 3 3 3 9 9 9 9 9 0 0 0 9
 3 3 3 3 3 9 9 9 9 9 9 9 0 9 9
 9 3 3 4 9 9 9 9 9 9 9 9 9 9 9
 9 9 4 9 9 9 9 9 9 9 9 9 9 9 9
 9 9 9 9 9 9 9 9 9 9 9 9 9 9 9
 9 9 9 9 9 9 9 9 9 9 9 9 9 9 9
 9 9 9 9 9 9 9 9 9 9 9 9 9 9 9
# Turn information for samurai of side 1 with weapon 0
# <turn>
169
# <cure period>
0
# Samurai states: <position x> <position y> <hiding>
12 3 0
14 1 1
2 7 0
-1 -1 1
-1 -1 1
-1 -1 1
# Battle field states
 9 9 9 9 9 9 9 9 9 9 5 5 1 1 5
 9 9 9 9 9 9 9 9 9 5 5 5 1 1 1
 9 9 2 9 9 9 9 9 5 5 5 5 5 1 1
 9 2 2 2 9 9 9 8 0 0 0 0 0 0 1
 8 2 2 2 3 9 9 9 5 5 5 0 0 0 5
 8 2 2 2 3 3 9 9 9 0 0 0 0 0 0
 3 2 2 2 3 3 3 9 9 9 3 0 0 0 0
 3 2 2 2 3 3 3 3 9 9 9 0 0 0 9
 3 2 2 2 3 3 3 9 9 9 9 9 0 9 9
 3 3 3 3 3 3 9 9 9 9 9 9 9 9 9
 3 3 3 4 4 9 9 9 9 9 9 9 9 9 9
 9 4 4 4 9 9 9 9 9 9 9 9 9 9 9
 9 9 4 9 9 9 9 9 9 9 9 9 9 9 9
 9 9 9 9 9 9 9 9 9 9 9 9 9 9 9
 9 9 9 9 9 9 9 9 9 9 9 9 9 9 9
# Turn information for samurai of side 1 with weapon 0
# <turn>
174
# <cure period>
0
# Samurai states: <position x> <position y> <hiding>
12 2 0
14 2 0
2 8 1
-1 -1 1
-1 -1 1
-1 -1 1
# Battle field states
 9 9 9 9 9 9 9 9 9 5 5 5 1 1 5
 9 9 9 9 9 9 9 9 5 5 5 5 1 1 1
 9 9 9 9 9 9 9 8 0 0 0 0 1 1 1
 9 9 2 9 9 9 9 9 0 0 0 0 0 1 1
 9 2 2 2 9 9 9 9 9 5 5 0 0 0 1
 8 2 2 2 3 9 9 9 9 9 0 0 0 0 0
 3 2 2 2 3 3 9 9 9 9 9 0 0 0 0
 3 2 2 2 3 3 3 9 9 9 9 9 0 9 0
 3 2 2 2 3 3 3 3 9 9 9 9 9 9 9
 3 2 2 2 3 3 3 9 9 9 9 9 9 9 9
 3 3 3 4 4 4 9 9 9 9 9 9 9 9 9
 4 4 4 4 4 9 9 9 9 9 9 9 9 9 9
 9 4 4 4 9 9 9 9 9 9 9 9 9 9 9
 9 9 4 9 9 9 9 9 9 9 9 9 9 9 9
 9 9 9 9 9 9 9 9 9 9 9 9 9 9 9
# Turn information for samurai of side 1 with weapon 0
# <turn>
181
# <cure period>
0
# Samurai states: <position x> <position y> <hiding>
12 1 1
14 3 1
5 0 0
-1 -1 1
-1 -1 1
-1 -1 1
# Battle field states
 8 2 2 2 2 2 2 8 5 5 5 5 1 1 5
 9 2 2 2 3 3 3 8 0 0 0 0 1 1 1
 9 9 2 2 3 3 3 8 0 0 0 0 1 1 1
 9 9 9 2 3 3 3 8 9 0 0 0 1 1 1
 9 9 9 9 3 3 3 9 9 9 5 0 0 1 1
 9 9 9 9 9 3 9 9 9 9 9 0 0 0 1
 9 9 9 9 9 9 9 9 9 9 9 9 0 0 0
 9 9 9 9 9 9 9 9 9 9 9 9 9 0 0
 9 9 9 9 9 9 9 9 9 9 9 9 9 9 0
 9 9 9 9 9 9 9 9 9 9 9 9 9 9 9
 9 9 9 9 9 9 9 9 9 9 9 9 9 9 9
 9 9 9 9 9 9 9 9 9 9 9 9 9 9 9
 9 9 9 9 9 9 9 9 9 9 9 9 9 9 9
 9 9 9 9 9 9 9 9 9 9 9 9 9 9 9
 9 9 9 9 9 9 9 9 9 9 9 9 9 9 9
# Turn information for samurai of side 1 with weapon 0
# <turn>
186
# <cure period>
0
# Samurai states: <position x> <position y> <hiding>
12 0 0
14 4 0
5 0 0
-1 -1 1
-1 -1 1
-1 -1 1
# Battle field states
 8 2 2 2 2 2 2 8 0 0 0 0 1 1 5
 9 2 2 2 3 3 3 8 0 0 0 0 1 1 1
 9 9 2 2 3 3 3 8 0 0 0 0 1 1 1
 9 9 9 2 3 3 3 8 9 9 0 0 1 1 1
 9 9 9 9 3 3 3 9 9 5 5 0 1 1 1
 9 9 9 9 9 3 9 9 9 9 0 0 0 1 1
 9 9 9 9 9 9 9 9 9 9 9 0 0 0 1
 9 9 9 9 9 9 9 9 9 9 9 9 0 0 0
 9 9 9 9 9 9 9 9 9 9 9 9 9 0 0
 9 9 9 9 9 9 9 9 9 9 9 9 9 9 5
 9 9 9 9 9 9 9 9 9 9 9 9 9 9 9
 9 9 9 9 9 9 9 9 9 9 9 9 9 9 9
 9 9 9 9 9 9 9 9 9 9 9 9 9 9 9
 9 9 9 9 9 9 9 9 9 9 9 9 9 9 9
 9 9 9 9 9 9 9 9 9 9 9 9 9 9 9
# Turn information for samurai of side 1 with weapon 0
# <turn>
193
# <cure period>
0
# Samurai states: <position x> <position y> <hiding>
12 1 1
13 4 1
5 0 0
-1 -1 1
-1 -1 1
-1 -1 1
# Battle field states
 8 2 2 2 2 2 2 8 0 0 0 0 1 1 5
 9 2 2 2 3 3 3 8 0 0 0 0 0 1 1
 9 9 2 2 3 3 3 8 0 0 0 0 0 1 1
 9 9 9 2 3 3 3 8 9 0 0 0 0 1 1
 9 9 9 9 3 3 3 9 5 5 5 1 1 1 1
 9 9 9 9 9 3 9 9 9 0 0 0 1 1 1
 9 9 9 9 9 9 9 9 9 9 3 4 0 1 1
 9 9 9 9 9 9 9 9 9 9 9 4 4 0 0
 9 9 9 9 9 9 9 9 9 9 9 9 4 4 0
 9 9 9 9 9 9 9 9 9 9 9 9 9 4 9
 9 9 9 9 9 9 9 9 9 9 9 9 9 9 9
 9 9 9 9 9 9 9 9 9 9 9 9 9 9 9
 9 9 9 9 9 9 9 9 9 9 9 9 9 9 9
 9 9 9 9 9 9 9 9 9 9 9 9 9 9 9
 9 9 9 9 9 9 9 9 9 9 9 9 9 9 9
# Turn information for samurai of side 1 with weapon 0
# <turn>
198
# <cure period>
0
# Samurai states: <position x> <position y> <hiding>
13 1 0
12 4 0
5 0 0
-1 -1 1
12 8 0
-1 -1 1
# Battle field states
 8 2 2 2 2 2 2 8 0 0 0 0 1 1 5
 9 2 2 2 3 3 3 8 0 0 0 0 0 1 1
 9 9 2 2 3 3 3 8 0 0 0 0 1 0 1
 9 9 9 2 3 3 3 8 0 0 0 1 1 0 1
 9 9 9 9 3 3 3 8 5 5 1 1 1 0 1
 9 9 9 9 9 3 9 9 0 0 0 0 1 0 1
 9 9 9 9 9 9 9 9 9 3 3 4 4 1 1
 9 9 9 9 9 9 9 9 9 9 4 4 4 4 0
 9 9 9 9 9 9 9 9 9 9 9 4 4 4 9
 9 9 9 9 9 9 9 9 9 9 9 9 4 9 9
 9 9 9 9 9 9 9 9 9 9 9 9 9 9 9
 9 9 9 9 9 9 9 9 9 9 9 9 9 9 9
 9 9 9 9 9 9 9 9 9 9 9 9 9 9 9
 9 9 9 9 9 9 9 9 9 9 9 9 9 9 9
 9 9 9 9 9 9 9 9 9 9 9 9 9 9 9
# Turn information for samurai of side 1 with weapon 0
# <turn>
205
# <cure period>
0
# Samurai states: <position x> <position y> <hiding>
14 1 1
13 4 1
5 0 0
-1 -1 1
-1 -1 1
-1 -1 1
# Battle field states
 8 2 2 2 2 2 2 8 0 0 0 0 1 1 5
 9 2 2 2 3 3 3 8 0 0 0 0 0 1 1
 9 9 2 2 3 3 3 8 0 9 0 0 1 0 0
 9 9 9 2 3 3 3 8 9 0 0 1 1 0 0
 9 9 9 9 3 3 3 9 5 5 1 1 1 1 1
 9 9 9 9 9 3 9 9 9 0 0 0 1 1 0
 9 9 9 9 9 9 9 9 9 9 3 4 1 4 1
 9 9 9 9 9 9 9 9 9 9 9 4 4 4 4
 9 9 9 9 9 9 9 9 9 9 9 9 4 4 4
 9 9 9 9 9 9 9 9 9 9 9 9 9 4 9
 9 9 9 9 9 9 9 9 9 9 9 9 9 9 9
 9 9 9 9 9 9 9 9 9 9 9 9 9 9 9
 9 9 9 9 9 9 9 9 9 9 9 9 9 9 9
 9 9 9 9 9 9 9 9 9 9 9 9 9 9 9
 9 9 9 9 9 9 9 9 9 9 9 9 9 9 9
# Turn information for samurai of side 1 with weapon 0
# <turn>
210
# <cure period>
0
# Samurai states: <position x> <position y> <hiding>
14 2 0
14 0 0
5 1 0
-1 -1 1
-1 -1 1
-1 -1 1
# Battle field states
 9 2 2 2 2 2 2 8 0 0 0 0 1 1 5
 8 2 2 2 2 3 2 8 0 0 0 0 0 1 1
 9 2 2 2 2 2 2 8 0 0 0 0 1 0 0
 9 9 2 2 3 3 3 8 0 9 0 1 1 0 0
 9 9 9 2 3 3 3 8 9 9 9 1 4 1 0
 9 9 9 9 3 3 3 9 9 9 9 9 4 4 1
 9 9 9 9 9 3 9 9 9 9 9 9 9 4 4
 9 9 9 9 9 9 9 9 9 9 9 9 9 9 4
 9 9 9 9 9 9 9 9 9 9 9 9 9 9 9
 9 9 9 9 9 9 9 9 9 9 9 9 9 9 9
 9 9 9 9 9 9 9 9 9 9 9 9 9 9 9
 9 9 9 9 9 9 9 9 9 9 9 9 9 9 9
 9 9 9 9 9 9 9 9 9 9 9 9 9 9 9
 9 9 9 9 9 9 9 9 9 9 9 9 9 9 9
 9 9 9 9 9 9 9 9 9 9 9 9 9 9 9
# Turn information for samurai of side 1 with weapon 0
# <turn>
217
# <cure period>
0
# Samurai states: <position x> <position y> <hiding>
14 3 1
14 0 0
5 2 1
-1 -1 1
-1 -1 1
-1 -1 1
# Battle field states
 9 9 2 2 2 2 2 8 0 0 0 0 1 1 5
 9 2 2 2 2 2 2 8 0 0 0 0 0 1 1
 8 2 2 2 2 2 2 8 0 0 0 0 1 0 0
 9 2 2 2 2 2 2 8 0 0 0 1 4 0 0
 9 9 2 2 3 3 3 8 5 9 1 4 4 1 0
 9 9 9 2 3 3 3 3 9 9 9 4 4 4 0
 9 9 9 9 3 3 3 9 9 9 9 9 1 4 0
 9 9 9 9 9 3 9 9 9 9 9 9 9 1 0
 9 9 9 9 9 9 9 9 9 9 9 9 9 9 4
 9 9 9 9 9 9 9 9 9 9 9 9 9 9 9
 9 9 9 9 9 9 9 9 9 9 9 9 9 9 9
 9 9 9 9 9 9 9 9 9 9 9 9 9 9 9
 9 9 9 9 9 9 9 9 9 9 9 9 9 9 9
 9 9 9 9 9 9 9 9 9 9 9 9 9 9 9
 9 9 9 9 9 9 9 9 9 9 9 9 9 9 9
# Turn information for samurai of side 1 with weapon 0
# <turn>
222
# <cure period>
27
# Samurai states: <position x> <position y> <hiding>
14 9 0
14 0 0
5 3 0
-1 -1 1
13 5 0
-1 -1 1
# Battle field states
 9 9 9 2 2 2 2 8 9 0 0 0 1 1 5
 9 9 2 2 2 2 2 8 0 9 0 0 0 1 1
 9 2 2 2 2 2 2 8 0 0 9 0 1 0 0
 8 2 2 2 2 2 2 8 0 0 0 9 4 4 0
 9 2 2 2 2 2 2 8 5 5 9 9 9 4 4
 9 9 2 2 3 3 3 3 0 9 9 9 9 4 4
 9 9 9 2 3 3 3 3 9 9 9 9 1 4 0
 9 9 9 9 3 3 3 9 9 9 9 4 4 1 0
 9 9 9 9 9 3 9 9 9 9 4 4 4 4 4
 9 9 9 9 9 9 9 9 9 4 4 4 4 4 5
 9 9 9 9 9 9 9 9 9 9 5 4 5 5 0
 9 9 9 9 9 9 9 9 9 9 9 4 5 5 0
 9 9 9 9 9 9 9 9 9 9 9 9 5 5 0
 9 9 9 9 9 9 9 9 9 9 9 9 9 5 0
 9 9 9 9 9 9 9 9 9 9 9 9 9 9 5
# Turn information for samurai of side 1 with weapon 0
# <turn>
229
# <cure period>
20
# Samurai states: <position x> <position y> <hiding>
14 9 0
14 0 0
5 4 1
-1 -1 1
-1 -1 1
-1 -1 1
# Battle field states
 9 9 9 9 2 2 2 9 9 0 0 0 1 1 5
 9 9 9 2 2 2 2 8 9 9 0 0 0 1 1
 9 9 2 2 2 2 2 8 0 9 9 0 1 0 0
 9 2 2 2 2 2 2 8 0 0 9 9 4 4 0
 8 2 2 2 2 2 2 8 5 5 0 9 9 4 4
 9 2 2 2 2 2 2 3 0 0 9 9 9 4 4
 9 9 2 2 3 3 3 3 3 9 9 9 1 4 4
 9 9 9 2 3 3 3 3 9 9 9 4 4 4 4
 9 9 9 9 3 3 3 9 9 9 4 4 4 4 4
 9 9 9 9 9 3 9 9 9 4 4 4 4 4 5
 9 9 9 9 9 9 9 9 9 9 5 5 5 5 0
 9 9 9 9 9 9 9 9 9 9 9 5 5 5 0
 9 9 9 9 9 9 9 9 9 9 9 9 5 5 0
 9 9 9 9 9 9 9 9 9 9 9 9 9 5 0
 9 9 9 9 9 9 9 9 9 9 9 9 9 9 5
# Turn information for samurai of side 1 with weapon 0
# <turn>
234
# <cure period>
15
# Samurai states: <position x> <position y> <hiding>
14 9 0
14 0 0
5 5 0
-1 -1 1
12 6 0
-1 -1 1
# Battle field states
 9 9 9 9 9 2 9 9 9 0 0 0 1 1 5
 9 9 9 9 2 2 2 9 9 9 0 0 0 1 1
 9 9 9 2 2 2 2 8 9 9 9 0 1 0 0
 9 9 2 2 2 2 2 8 0 9 9 9 4 4 0
 9 2 2 2 2 2 2 8 5 5 9 9 9 4 4
 8 2 2 2 2 2 2 3 0 0 4 9 9 4 4
 9 2 2 2 2 2 2 3 3 3 9 9 1 4 4
 9 9 2 2 3 3 3 3 3 9 9 4 4 4 4
 9 9 9 3 3 3 3 3 9 9 4 4 4 4 4
 9 9 9 9 3 3 3 9 9 5 5 5 4 4 5
 9 9 9 9 9 3 9 9 9 9 5 5 5 5 0
 9 9 9 9 9 9 9 9 9 9 9 5 5 5 0
 9 9 9 9 9 9 9 9 9 9 9 9 5 5 0
 9 9 9 9 9 9 9 9 9 9 9 9 9 5 0
 9 9 9 9 9 9 9 9 9 9 9 9 9 9 5
# Turn information for samurai of side 1 with weapon 0
# <turn>
241
# <cure period>
8
# Samurai states: <position x> <position y> <hiding>
14 9 0
14 1 1
5 6 1
-1 -1 1
-1 -1 1
10 9 0
# Battle field states
 9 9 9 9 9 9 9 9 9 9 0 0 1 1 5
 9 9 9 9 9 2 9 9 9 0 0 0 1 1 1
 9 9 9 9 2 2 2 9 9 9 0 0 1 1 1
 9 9 9 2 2 2 2 8 9 9 9 1 4 4 1
 9 9 2 2 2 2 2 8 5 9 9 9 4 4 4
 9 2 2 2 2 2 2 3 0 0 9 9 9 4 4
 3 2 2 2 2 2 2 3 3 3 4 9 4 4 4
 9 2 2 2 2 2 2 3 3 4 9 4 4 4 4
 9 9 3 3 3 3 3 3 4 9 5 5 4 4 4
 9 9 9 3 3 3 3 4 9 5 5 5 4 4 5
 9 9 9 9 4 3 3 9 9 9 5 5 5 5 0
 9 9 9 9 9 3 9 9 9 9 9 5 5 5 0
 9 9 9 9 9 9 9 9 9 9 9 9 5 5 0
 9 9 9 9 9 9 9 9 9 9 9 9 9 5 0
 9 9 9 9 9 9 9 9 9 9 9 9 9 9 5
# Turn information for samurai of side 1 with weapon 0
# <turn>
246
# <cure period>
3
# Samurai states: <position x> <position y> <hiding>
14 9 0
14 2 0
5 7 0
-1 -1 1
-1 -1 1
-1 -1 1
# Battle field states
 9 9 9 9 9 9 9 9 9 9 9 0 1 1 5
 9 9 9 9 9 9 9 9 9 9 0 0 1 1 1
 9 9 9 9 9 2 9 9 9 0 0 0 1 1 1
 9 9 9 9 2 2 2 9 9 9 0 4 4 1 1
 9 9 9 2 2 2 2 8 9 9 9 4 4 4 1
 9 9 2 2 2 2 2 3 0 9 9 9 4 4 4
 9 2 2 2 2 2 2 3 3 3 9 9 4 4 4
 3 2 2 2 2 2 2 3 3 4 4 4 4 4 4
 9 3 3 3 2 2 2 3 4 5 5 5 5 4 4
 9 9 3 3 3 3 3 4 4 5 5 5 5 4 5
 9 9 9 4 4 3 3 5 9 9 5 5 5 5 0
 9 9 9 9 3 3 3 9 9 9 9 5 5 5 0
 9 9 9 9 9 3 9 9 9 9 9 9 5 5 0
 9 9 9 9 9 9 9 9 9 9 9 9 9 5 0
 9 9 9 9 9 9 9 9 9 9 9 9 9 9 5
# Turn information for samurai of side 1 with weapon 0
# <turn>
253
# <cure period>
0
# Samurai states: <position x> <position y> <hiding>
14 9 0
14 3 1
5 8 1
-1 -1 1
-1 -1 1
12 9 0
# Battle field states
 9 9 9 9 9 9 9 9 9 9 9 9 1 1 5
 9 9 9 9 9 9 9 9 9 9 9 0 1 1 1
 9 9 9 9 9 9 9 9 9 9 0 4 1 1 1
 9 9 9 9 9 2 9 9 9 0 4 4 1 1 1
 9 9 9 9 2 2 2 9 9 9 4 4 4 1 1
 9 9 9 2 2 2 2 3 9 9 9 4 4 4 1
 9 9 2 2 2 2 2 3 3 9 9 9 4 4 4
 9 2 2 2 2 2 2 3 3 4 9 4 4 4 4
 3 3 3 3 2 2 2 3 4 5 5 5 5 5 4
 9 3 3 3 3 2 2 4 4 5 5 5 5 5 5
 9 9 3 4 3 3 3 5 5 9 5 5 5 5 0
 9 9 9 3 3 3 3 5 9 9 9 5 5 5 0
 9 9 9 9 3 3 3 9 9 9 9 9 5 5 0
 9 9 9 9 9 3 9 9 9 9 9 9 9 5 0
 9 9 9 9 9 9 9 9 9 9 9 9 9 9 5
# Turn information for samurai of side 1 with weapon 0
# <turn>
258
# <cure period>
0
# Samurai states: <position x> <position y> <hiding>
14 10 1
14 0 0
5 9 0
4 13 0
-1 -1 1
-1 -1 1
# Battle field states
 9 9 9 9 9 9 9 9 9 0 0 0 1 1 5
 9 9 9 9 9 9 9 9 9 9 0 0 1 1 1
 9 9 9 9 9 9 9 9 9 9 9 4 4 1 1
 9 9 9 9 9 9 9 9 9 9 9 9 4 4 1
 9 9 9 9 9 2 9 9 9 9 9 9 9 4 4
 9 9 9 9 2 2 2 9 9 9 9 9 9 9 1
 9 9 9 2 2 2 2 3 9 9 9 9 9 4 1
 9 9 2 2 2 2 2 3 3 9 9 9 4 4 4
 9 3 3 3 2 2 2 3 4 5 9 5 5 5 4
 3 3 3 3 2 2 2 4 4 5 0 0 0 0 5
 9 3 3 4 2 3 2 5 5 5 5 5 5 5 0
 9 9 3 3 3 3 3 5 5 9 5 5 5 5 0
 9 9 9 3 3 3 3 5 9 9 9 5 5 5 0
 9 9 9 9 3 3 3 9 9 9 9 9 5 5 0
 9 9 9 9 9 3 9 9 9 9 9 9 9 5 5
# Turn information for samurai of side 1 with weapon 0
# <turn>
265
# <cure period>
0
# Samurai states: <position x> <position y> <hiding>
14 10 1
14 0 0
4 9 0
5 12 0
-1 -1 1
-1 -1 1
# Battle field states
 9 9 9 9 9 9 9 9 9 0 0 0 1 1 5
 9 9 9 9 9 9 9 9 9 9 0 0 1 1 1
 9 9 9 9 9 9 9 9 9 9 9 4 4 1 1
 9 9 9 9 9 9 9 9 9 9 9 9 4 4 1
 9 9 9 9 2 9 9 9 9 9 9 9 9 4 4
 9 9 9 2 2 2 9 9 9 9 9 9 9 9 4
 9 9 2 2 2 2 2 9 9 9 9 9 9 4 1
 9 2 2 2 2 2 2 3 9 9 9 9 4 4 4
 3 3 3 2 2 3 2 3 4 9 9 5 5 5 4
 3 3 3 3 3 3 2 4 4 5 0 0 0 0 5
 3 3 3 2 2 3 2 5 5 5 0 0 0 0 0
 9 3 3 3 3 3 3 5 9 9 5 5 5 5 0
 9 9 3 3 3 3 3 9 9 9 9 5 5 5 0
 9 9 9 3 3 3 9 9 9 9 9 9 5 5 0
 9 9 9 9 3 9 9 9 9 9 9 9 9 5 5
# Turn information for samurai of side 1 with weapon 0
# <turn>
270
# <cure period>
0
# Samurai states: <position x> <position y> <hiding>
14 11 0
14 0 0
4 10 1
5 12 0
-1 -1 1
-1 -1 1
# Battle field states
 9 9 9 9 9 9 9 9 9 0 0 0 1 1 5
 9 9 9 9 9 9 9 9 9 9 0 0 1 1 1
 9 9 9 9 9 9 9 9 9 9 9 4 4 1 1
 9 9 9 9 9 9 9 9 9 9 9 9 4 4 1
 9 9 9 9 9 9 9 9 9 9 9 9 9 4 4
 9 9 9 9 2 9 9 9 9 9 9 9 9 9 4
 9 9 9 2 2 2 9 9 9 9 9 9 9 9 4
 9 9 2 2 2 2 2 9 9 9 9 9 9 4 4
 9 3 3 2 2 3 2 3 9 9 9 9 4 5 4
 3 3 3 2 2 2 2 4 4 9 9 0 0 0 5
 3 3 3 2 2 2 2 5 5 5 0 0 0 0 0
 4 3 3 2 2 2 3 5 5 5 0 0 0 0 0
 9 3 3 3 3 3 3 5 9 9 5 5 5 5 0
 9 9 3 3 3 3 3 9 9 9 9 5 5 5 0
 9 9 9 3 3 3 9 9 9 9 9 9 5 5 5
# Turn information for samurai of side 1 with weapon 0
# <turn>
277
# <cure period>
0
# Samurai states: <position x> <position y> <hiding>
14 12 1
14 0 0
5 0 0
-1 -1 1
-1 -1 1
-1 -1 1
# Battle field states
 8 2 2 2 2 2 2 8 0 0 0 0 1 1 5
 9 2 2 2 2 2 2 8 0 0 0 0 1 1 1
 9 9 2 2 2 2 2 8 0 9 9 4 4 1 1
 9 9 9 2 2 2 2 8 9 9 9 9 4 4 1
 9 9 9 9 2 2 2 9 9 9 9 9 9 4 4
 9 9 9 9 9 2 9 9 9 9 9 9 9 9 4
 9 9 9 9 9 9 9 9 9 9 9 9 9 9 9
 9 9 9 9 9 9 9 9 9 9 9 9 9 9 4
 9 9 9 9 9 9 9 9 9 9 9 9 9 4 4
 9 9 9 9 9 9 9 9 9 9 9 9 4 0 5
 9 9 9 9 9 9 9 9 9 9 9 0 0 0 0
 9 9 9 9 9 9 9 9 9 9 0 0 0 0 0
 9 9 9 9 9 9 9 9 9 5 0 0 0 0 0
 9 9 9 9 9 9 9 9 9 9 5 5 5 5 0
 9 9 9 9 9 9 9 9 9 9 9 5 5 5 5
# Turn information for samurai of side 1 with weapon 0
# <turn>
282
# <cure period>
0
# Samurai states: <position x> <position y> <hiding>
14 13 0
14 0 0
5 0 0
-1 -1 1
-1 -1 1
-1 -1 1
# Battle field states
 8 2 2 2 2 2 2 8 0 0 0 0 1 1 5
 9 2 2 2 2 2 2 8 0 0 0 0 1 1 1
 9 9 2 2 2 2 2 8 0 9 9 4 4 1 1
 9 9 9 2 2 2 2 8 9 9 9 9 4 4 1
 9 9 9 9 2 2 2 9 9 9 9 9 9 4 4
 9 9 9 9 9 2 9 9 9 9 9 9 9 9 4
 9 9 9 9 9 9 9 9 9 9 9 9 9 9 9
 9 9 9 9 9 9 9 9 9 9 9 9 9 9 9
 9 9 9 9 9 9 9 9 9 9 9 9 9 9 4
 9 9 9 9 9 9 9 9 9 9 9 9 9 0 5
 9 9 9 9 9 9 9 9 9 9 9 9 4 0 0
 9 9 9 9 9 9 9 9 9 9 9 0 0 0 0
 9 9 9 9 9 9 9 9 9 9 0 0 0 0 0
 9 9 9 9 9 9 9 9 9 3 0 0 0 0 0
 9 9 9 9 9 9 9 9 9 9 5 5 5 5 5
# Turn information for samurai of side 1 with weapon 0
# <turn>
289
# <cure period>
0
# Samurai states: <position x> <position y> <hiding>
14 14 0
13 0 1
5 0 0
-1 -1 1
-1 -1 1
-1 -1 1
# Battle field states
 8 2 2 2 2 2 2 8 0 0 0 1 1 1 5
 9 2 2 2 2 2 2 8 0 0 0 0 1 1 1
 9 9 2 2 2 2 2 8 0 9 0 4 4 1 1
 9 9 9 2 2 2 2 8 9 9 9 4 4 4 1
 9 9 9 9 2 2 2 9 9 9 9 9 4 4 4
 9 9 9 9 9 2 9 9 9 9 9 9 9 4 9
 9 9 9 9 9 9 9 9 9 9 9 9 9 9 9
 9 9 9 9 9 9 9 9 9 9 9 9 9 9 9
 9 9 9 9 9 9 9 9 9 9 9 9 9 9 9
 9 9 9 9 9 9 9 9 9 9 9 9 9 9 4
 9 9 9 9 9 9 9 9 9 9 9 9 9 4 0
 9 9 9 9 9 9 9 9 9 9 9 9 4 0 0
 9 9 9 9 9 9 9 9 9 9 9 0 0 0 0
 9 9 9 9 9 9 9 9 9 9 5 0 0 0 0
 9 9 9 9 9 9 9 9 9 5 5 0 0 0 5
# Turn information for samurai of side 1 with weapon 0
# <turn>
294
# <cure period>
0
# Samurai states: <position x> <position y> <hiding>
14 13 1
13 1 0
5 0 0
-1 -1 1
-1 -1 1
10 13 0
# Battle field states
 8 2 2 2 2 2 2 8 0 0 0 1 1 1 5
 9 2 2 2 2 2 2 8 0 0 0 1 1 1 1
 9 9 2 2 2 2 2 8 0 0 0 4 1 1 1
 9 9 9 2 2 2 2 8 9 9 4 4 4 1 1
 9 9 9 9 2 2 2 9 9 9 9 4 4 4 4
 9 9 9 9 9 2 9 9 9 9 9 9 4 4 4
 9 9 9 9 9 9 9 9 9 9 9 9 9 4 9
 9 9 9 9 9 9 9 9 9 9 9 9 9 9 9
 9 9 9 9 9 9 9 9 9 9 9 9 9 9 4
 9 9 9 9 9 9 9 9 9 9 9 9 9 4 4
 9 9 9 9 9 9 9 9 9 9 9 9 4 4 0
 9 9 9 9 9 9 9 9 9 9 9 4 4 0 0
 9 9 9 9 9 9 9 9 9 9 5 5 0 0 0
 9 9 9 9 9 9 9 9 9 5 5 5 0 0 0
 9 9 9 9 9 9 9 9 9 9 5 5 0 0 5
# Turn information for samurai of side 1 with weapon 0
# <turn>
301
# <cure period>
0
# Samurai states: <position x> <position y> <hiding>
13 13 0
13 2 1
5 0 0
-1 -1 1
-1 -1 1
9 14 0
# Battle field states
 8 2 2 2 2 2 2 8 0 0 0 1 1 1 5
 9 2 2 2 2 2 2 8 0 0 0 1 1 1 1
 9 9 2 2 2 2 2 8 0 0 0 1 1 1 1
 9 9 9 2 2 2 2 8 9 0 4 4 1 1 1
 9 9 9 9 2 2 2 9 9 9 4 4 4 1 4
 9 9 9 9 9 2 9 9 9 9 9 4 4 4 4
 9 9 9 9 9 9 9 9 9 9 9 9 4 4 4
 9 9 9 9 9 9 9 9 9 9 9 9 9 4 9
 9 9 9 9 9 9 9 9 9 9 9 9 9 4 9
 9 9 9 9 9 9 9 9 9 9 9 9 4 4 4
 9 9 9 9 9 9 9 9 9 9 9 4 4 4 0
 9 9 9 9 9 9 9 9 9 9 4 4 4 0 0
 9 9 9 9 9 9 9 9 9 5 5 4 0 0 0
 9 9 9 9 9 9 9 9 5 0 0 0 0 0 0
 9 9 9 9 9 9 9 9 9 5 5 5 0 0 5
# Turn information for samurai of side 1 with weapon 0
# <turn>
306
# <cure period>
0
# Samurai states: <position x> <position y> <hiding>
13 12 1
13 3 0
6 0 1
-1 -1 1
12 10 0
-1 -1 1
# Battle field states
 9 2 2 2 2 2 2 2 0 0 0 1 1 1 5
 9 9 2 2 2 2 2 2 0 0 0 1 1 1 1
 9 9 9 2 2 2 2 8 0 0 0 1 1 1 1
 9 9 9 9 2 2 2 8 0 0 4 1 1 1 1
 9 9 9 9 9 2 2 8 9 4 4 4 1 1 4
 9 9 9 9 9 9 2 9 9 9 4 4 4 1 4
 9 9 9 9 9 9 9 9 9 9 9 4 4 4 4
 9 9 9 9 9 9 9 9 9 9 9 9 4 4 4
 9 9 9 9 9 9 9 9 9 9 9 9 4 0 4
 9 9 9 9 9 9 9 9 9 9 9 4 4 0 4
 9 9 9 9 9 9 9 9 9 9 4 4 4 4 4
 9 9 9 9 9 9 9 9 9 5 4 4 4 4 0
 9 9 9 9 9 9 9 9 5 5 5 4 4 0 0
 9 9 9 9 9 9 9 9 9 0 0 0 0 0 0
 9 9 9 9 9 9 9 9 9 9 5 5 0 0 5
# Turn information for samurai of side 1 with weapon 0
# <turn>
313
# <cure period>
0
# Samurai states: <position x> <position y> <hiding>
12 12 0
13 4 1
6 1 0
-1 -1 1
-1 -1 1
9 14 0
# Battle field states
 9 9 2 2 2 2 2 2 0 0 0 9 1 1 5
 9 2 2 2 2 2 2 2 0 0 0 1 1 1 1
 9 9 2 2 2 2 2 2 0 0 0 1 1 1 1
 9 9 9 2 2 2 2 8 0 0 4 1 1 1 1
 9 9 9 9 2 2 2 8 5 4 4 4 1 1 1
 9 9 9 9 9 3 3 3 9 4 4 4 4 1 1
 9 9 9 9 9 9 3 9 9 9 4 4 4 1 4
 9 9 9 9 9 9 9 9 9 9 9 4 4 4 4
 9 9 9 9 9 9 9 9 9 9 9 4 0 0 4
 9 9 9 9 9 9 9 9 9 9 4 4 0 0 4
 9 9 9 9 9 9 9 9 9 4 4 4 0 4 4
 9 9 9 9 9 9 9 9 5 5 4 4 0 4 0
 9 9 9 9 9 9 9 5 5 5 5 4 4 0 0
 9 9 9 9 9 9 9 9 5 0 0 0 0 0 0
 9 9 9 9 9 9 9 9 9 5 5 5 0 0 5
# Turn information for samurai of side 1 with weapon 0
# <turn>
318
# <cure period>
0
# Samurai states: <position x> <position y> <hiding>
12 13 1
12 4 0
7 1 1
-1 -1 1
-1 -1 1
9 14 0
# Battle field states
 9 9 9 2 2 2 2 2 2 0 0 1 1 1 9
 9 9 2 2 2 2 2 2 2 0 0 1 1 1 1
 9 9 9 2 2 2 2 2 2 0 0 1 1 1 1
 9 9 9 9 2 2 2 8 0 0 4 1 1 1 1
 9 9 9 9 9 2 2 8 5 4 1 1 1 1 1
 9 9 9 9 9 9 3 3 0 4 4 1 1 1 1
 9 9 9 9 9 9 9 3 9 3 4 4 1 1 4
 9 9 9 9 9 9 9 9 9 9 4 4 4 4 4
 9 9 9 9 9 9 9 9 9 9 9 4 0 0 9
 9 9 9 9 9 9 9 9 9 9 9 4 0 0 9
 9 9 9 9 9 9 9 9 9 9 4 4 0 4 4
 9 9 9 9 9 9 9 9 9 5 4 4 0 4 0
 9 9 9 9 9 9 9 9 0 0 0 0 4 0 0
 9 9 9 9 9 9 9 3 5 0 0 0 0 0 0
 9 9 9 9 9 9 9 9 5 5 5 5 0 0 5
# Turn information for samurai of side 1 with weapon 0
# <turn>
325
# <cure period>
0
# Samurai states: <position x> <position y> <hiding>
12 14 0
12 5 1
7 2 0
-1 -1 1
-1 -1 1
9 14 0
# Battle field states
 9 9 9 9 2 2 2 2 2 0 0 9 1 9 9
 9 9 9 2 2 2 2 2 2 0 0 1 1 1 9
 9 9 2 2 2 2 2 2 2 0 0 1 1 1 1
 9 9 9 2 2 2 2 2 2 0 4 1 1 1 1
 9 9 9 9 2 2 2 8 5 4 1 1 1 1 1
 9 9 9 9 9 3 3 3 0 4 1 1 1 1 1
 9 9 9 9 9 9 3 3 3 3 4 1 1 1 4
 9 9 9 9 9 9 9 3 9 4 4 4 1 4 4
 9 9 9 9 9 9 9 9 9 9 4 4 0 0 4
 9 9 9 9 9 9 9 9 9 9 9 4 0 0 9
 9 9 9 9 9 9 9 9 9 9 9 4 0 4 9
 9 9 9 9 9 9 9 9 9 9 4 4 0 4 0
 9 9 9 9 9 9 9 9 9 0 0 0 4 0 0
 9 9 9 9 9 9 9 9 3 0 0 0 0 0 0
 9 9 9 9 9 9 9 3 0 0 0 0 0 0 5
# Turn information for samurai of side 1 with weapon 0
# <turn>
330
# <cure period>
0
# Samurai states: <position x> <position y> <hiding>
13 14 1
11 5 0
7 3 1
-1 -1 1
-1 -1 1
9 14 0
# Battle field states
 9 9 9 9 9 2 2 2 2 0 9 1 9 9 9
 9 9 9 9 2 2 2 2 2 0 0 1 1 9 9
 9 9 9 2 2 2 2 2 2 0 0 1 1 1 9
 9 9 2 2 2 2 2 2 2 0 4 1 1 1 1
 9 9 9 2 2 2 2 2 2 4 1 1 1 1 1
 9 9 9 9 3 3 3 3 0 1 1 1 1 1 1
 9 9 9 9 9 3 3 3 3 3 1 1 1 1 4
 9 9 9 9 9 9 3 3 3 4 4 1 1 4 4
 9 9 9 9 9 9 9 3 9 5 4 4 0 0 9
 9 9 9 9 9 9 9 9 9 9 4 4 0 0 9
 9 9 9 9 9 9 9 9 9 9 9 4 0 0 4
 9 9 9 9 9 9 9 9 9 9 9 4 0 0 0
 9 9 9 9 9 9 9 9 9 9 0 0 4 0 0
 9 9 9 9 9 9 9 9 9 0 0 0 0 0 0
 9 9 9 9 9 9 9 9 0 0 0 0 0 0 5
# Turn information for samurai of side 1 with weapon 0
# <turn>
337
# <cure period>
0
# Samurai states: <position x> <position y> <hiding>
13 14 1
11 6 1
7 4 0
10 9 0
-1 -1 1
9 14 0
# Battle field states
 9 9 9 9 9 9 2 2 2 9 9 9 9 9 9
 9 9 9 9 9 2 2 2 2 0 9 1 9 9 9
 9 9 9 9 2 2 2 2 2 0 0 1 1 9 9
 9 9 9 2 2 2 2 2 2 0 4 1 1 1 9
 9 9 2 2 2 2 2 2 2 4 1 1 1 1 1
 9 9 9 3 3 3 2 2 2 1 3 1 1 1 1
 9 9 9 9 3 3 3 3 3 1 3 1 1 1 4
 9 9 9 9 9 3 3 3 3 4 3 1 1 4 4
 9 9 9 9 9 9 3 3 4 5 3 1 0 0 4
 9 9 9 9 9 9 9 4 9 4 4 4 0 0 9
 9 9 9 9 9 9 9 9 9 9 4 4 0 0 4
 9 9 9 9 9 9 9 9 9 9 9 4 0 0 0
 9 9 9 9 9 9 9 9 9 9 0 0 4 0 0
 9 9 9 9 9 9 9 9 9 3 0 0 0 0 0
 9 9 9 9 9 9 9 9 0 0 0 0 0 0 0
# Turn information for samurai of side 1 with weapon 0
# <turn>
342
# <cure period>
0
# Samurai states: <position x> <position y> <hiding>
14 14 0
11 7 0
7 5 1
10 9 0
-1 -1 1
9 14 0
# Battle field states
 9 9 9 9 9 9 9 2 9 9 9 9 9 9 9
 9 9 9 9 9 9 2 2 2 9 9 9 9 9 9
 9 9 9 9 9 2 2 2 2 0 9 1 9 9 9
 9 9 9 9 2 2 2 2 2 0 4 1 1 9 9
 9 9 9 2 2 2 2 2 2 4 1 1 1 1 9
 9 9 2 3 3 3 2 2 2 1 3 1 1 1 1
 9 9 9 3 3 3 2 2 2 1 3 1 1 1 4
 9 9 9 9 3 3 3 3 3 1 1 1 1 4 4
 9 9 9 9 9 3 3 3 4 5 1 1 0 0 4
 9 9 9 9 9 9 3 4 4 4 4 1 0 0 4
 9 9 9 9 9 9 9 3 9 3 4 4 0 0 0
 9 9 9 9 9 9 9 9 9 9 4 4 0 0 0
 9 9 9 9 9 9 9 9 9 9 9 0 4 0 0
 9 9 9 9 9 9 9 9 9 9 0 0 0 0 0
 9 9 9 9 9 9 9 9 9 0 0 0 0 0 0
# Turn information for samurai of side 1 with weapon 0
# <turn>
349
# <cure period>
0
# Samurai states: <position x> <position y> <hiding>
14 13 1
14 0 0
7 6 0
-1 -1 1
-1 -1 1
-1 -1 1
# Battle field states
 9 9 9 9 9 9 9 9 9 0 0 1 1 1 5
 9 9 9 9 9 9 9 2 9 9 0 1 1 1 1
 9 9 9 9 9 9 2 2 2 9 9 1 1 1 1
 9 9 9 9 9 2 2 2 2 0 9 9 1 1 1
 9 9 9 9 2 2 2 2 2 4 1 9 9 1 1
 9 9 9 3 3 3 2 2 2 1 3 3 9 9 1
 9 9 2 3 3 3 2 2 2 1 3 3 3 9 9
 9 9 9 3 3 3 2 2 2 1 1 3 9 9 9
 9 9 9 9 3 3 3 3 4 5 1 9 9 9 4
 9 9 9 9 9 3 3 4 4 4 9 9 9 0 4
 9 9 9 9 9 9 3 3 3 9 9 9 0 0 0
 9 9 9 9 9 9 9 3 9 9 9 4 0 0 0
 9 9 9 9 9 9 9 9 9 9 0 0 4 0 0
 9 9 9 9 9 9 9 9 9 3 0 0 0 0 0
 9 9 9 9 9 9 9 9 9 9 0 0 0 0 0
# Turn information for samurai of side 1 with weapon 0
# <turn>
354
# <cure period>
0
# Samurai states: <position x> <position y> <hiding>
14 12 0
14 0 0
7 7 1
12 9 0
-1 -1 1
-1 -1 1
# Battle field states
 9 9 9 9 9 9 9 9 9 0 0 1 1 1 5
 9 9 9 9 9 9 9 9 9 9 0 1 1 1 1
 9 9 9 9 9 9 9 2 9 9 9 1 1 1 1
 9 9 9 9 9 9 2 2 2 9 9 9 1 1 1
 9 9 9 9 9 2 2 2 2 4 9 9 9 1 1
 9 9 9 9 3 3 2 2 2 1 3 9 9 9 1
 9 9 9 3 3 3 2 2 2 1 3 3 9 9 9
 9 9 2 3 3 3 2 2 2 1 1 3 3 9 4
 9 9 9 3 3 3 2 2 2 5 1 3 9 0 0
 9 9 9 9 3 3 3 4 4 4 4 9 0 0 0
 9 9 9 9 9 3 3 3 3 3 9 4 0 0 0
 9 9 9 9 9 9 3 3 3 9 4 4 0 0 0
 9 9 9 9 9 9 9 5 9 5 5 0 4 0 0
 9 9 9 9 9 9 9 9 9 9 5 0 0 0 0
 9 9 9 9 9 9 9 9 9 9 9 0 0 0 0
# Turn information for samurai of side 1 with weapon 0
# <turn>
361
# <cure period>
29
# Samurai states: <position x> <position y> <hiding>
14 9 0
14 0 0
7 8 0
13 8 0
-1 -1 1
-1 -1 1
# Battle field states
 9 9 9 9 9 9 9 9 9 0 0 1 1 1 5
 9 9 9 9 9 9 9 9 9 9 0 1 1 1 1
 9 9 9 9 9 9 9 9 9 9 9 1 1 1 1
 9 9 9 9 9 9 9 2 9 9 9 9 1 1 1
 9 9 9 9 9 9 2 2 2 9 9 9 9 1 1
 9 9 9 9 9 3 2 2 2 1 9 9 9 1 1
 9 9 9 9 3 3 2 2 2 1 3 9 3 1 4
 9 9 9 3 3 3 2 2 2 1 1 3 3 4 4
 9 9 3 3 3 3 2 2 2 5 1 3 3 0 0
 9 9 9 3 3 3 2 2 2 4 4 1 0 3 0
 9 9 9 9 3 3 3 3 3 3 4 4 3 3 0
 9 9 9 9 9 3 3 3 3 3 9 4 3 3 0
 9 9 9 9 9 9 3 5 5 9 9 9 3 3 0
 9 9 9 9 9 9 9 3 9 9 9 9 9 0 0
 9 9 9 9 9 9 9 9 9 9 9 9 9 9 0
# Turn information for samurai of side 1 with weapon 0
# <turn>
366
# <cure period>
24
# Samurai states: <position x> <position y> <hiding>
14 9 0
14 0 0
7 9 1
13 8 0
-1 -1 1
-1 -1 1
# Battle field states
 9 9 9 9 9 9 9 9 9 0 0 1 1 1 5
 9 9 9 9 9 9 9 9 9 9 0 1 1 1 1
 9 9 9 9 9 9 9 9 9 9 9 1 1 1 1
 9 9 9 9 9 9 9 9 9 9 9 9 1 1 1
 9 9 9 9 9 9 9 2 9 9 9 9 9 1 1
 9 9 9 9 9 9 2 2 2 9 9 9 9 1 1
 9 9 9 9 9 3 2 2 2 1 9 9 3 1 4
 9 9 9 9 3 3 2 2 2 1 1 3 3 4 4
 9 9 9 3 3 3 2 2 2 5 1 3 3 0 0
 9 9 3 3 3 3 2 2 2 4 4 1 0 3 0
 9 9 9 3 3 3 2 2 2 3 4 4 3 3 0
 9 9 9 9 3 3 3 3 3 3 4 4 3 3 0
 9 9 9 9 9 4 3 5 5 5 9 9 5 3 0
 9 9 9 9 9 9 4 3 5 9 9 9 9 0 0
 9 9 9 9 9 9 9 4 9 9 9 9 9 9 0
# Turn information for samurai of side 1 with weapon 0
# <turn>
373
# <cure period>
17
# Samurai states: <position x> <position y> <hiding>
14 9 0
14 0 0
7 10 0
14 7 0
6 14 0
-1 -1 1
# Battle field states
 9 9 9 9 9 9 9 9 9 0 0 1 1 1 5
 9 9 9 9 9 9 9 9 9 9 0 1 1 1 1
 9 9 9 9 9 9 9 9 9 9 9 1 1 1 1
 9 9 9 9 9 9 9 9 9 9 9 9 1 3 3
 9 9 9 9 9 9 9 9 9 9 9 9 9 3 3
 9 9 9 9 9 9 9 2 9 9 9 9 9 3 3
 9 9 9 9 9 9 2 2 2 9 9 9 3 3 3
 9 9 9 9 9 3 2 2 2 1 9 3 3 4 4
 9 9 9 9 3 3 2 2 2 5 1 3 3 0 0
 9 9 9 3 3 3 2 2 2 4 4 1 0 3 0
 9 9 3 3 3 3 2 2 2 3 4 4 3 3 0
 9 9 9 3 3 3 2 2 2 3 4 4 3 3 0
 9 9 9 9 4 4 4 5 5 5 5 9 5 5 0
 9 9 9 9 9 4 4 4 5 3 9 9 9 5 0
 9 9 9 9 9 9 4 4 4 9 9 9 9 9 0
# Turn information for samurai of side 1 with weapon 0
# <turn>
378
# <cure period>
12
# Samurai states: <position x> <position y> <hiding>
14 9 0
14 1 1
7 11 1
14 7 0
-1 -1 1
-1 -1 1
# Battle field states
 9 9 9 9 9 9 9 9 9 9 0 1 1 1 5
 9 9 9 9 9 9 9 9 9 0 0 1 1 1 1
 9 9 9 9 9 9 9 9 9 9 0 1 1 1 1
 9 9 9 9 9 9 9 9 9 9 9 1 1 3 1
 9 9 9 9 9 9 9 9 9 9 9 9 1 3 3
 9 9 9 9 9 9 9 9 9 9 9 9 9 3 3
 9 9 9 9 9 9 9 2 9 9 9 9 3 3 3
 9 9 9 9 9 9 2 2 2 9 9 3 3 4 4
 9 9 9 9 9 3 2 2 2 5 1 3 3 0 0
 9 9 9 9 3 3 2 2 2 4 4 1 0 3 0
 9 9 9 3 3 3 2 2 2 3 4 4 3 3 0
 9 9 3 3 3 3 2 2 2 3 4 4 3 3 0
 9 9 9 4 4 4 2 4 2 5 5 5 5 5 5
 9 9 9 9 4 4 4 4 4 3 5 9 9 5 5
 9 9 9 9 9 4 4 4 4 5 9 9 9 9 5
# Turn information for samurai of side 1 with weapon 0
# <turn>
385
# <cure period>
24
# Samurai states: <position x> <position y> <hiding>
14 9 0
14 0 0
5 0 0
14 5 0
-1 -1 1
13 12 0
# Battle field states
 8 2 2 2 2 2 2 2 2 0 0 1 1 1 5
 9 2 2 2 2 2 2 2 2 0 0 1 1 1 3
 9 9 2 2 2 2 2 2 2 9 9 1 1 1 3
 9 9 9 2 2 2 2 2 9 9 9 9 1 1 3
 9 9 9 9 2 2 2 9 9 9 9 9 9 3 3
 9 9 9 9 9 3 9 9 9 9 9 9 9 3 3
 9 9 9 9 9 9 9 9 9 9 9 9 3 3 3
 9 9 9 9 9 9 9 9 9 9 9 3 3 4 4
 9 9 9 9 9 9 9 9 9 9 1 3 3 0 3
 9 9 9 9 9 9 9 9 9 4 4 1 0 3 3
 9 9 9 9 9 9 9 9 9 9 4 4 3 3 3
 9 9 9 9 9 9 9 9 9 9 9 4 5 5 5
 9 9 9 9 9 9 9 9 9 9 9 9 5 5 5
 9 9 9 9 9 9 9 9 9 9 9 9 9 5 5
 9 9 9 9 9 9 9 9 9 9 9 9 9 9 5
# Turn information for samurai of side 1 with weapon 0
# <turn>
390
# <cure period>
19
# Samurai states: <position x> <position y> <hiding>
14 9 0
14 0 0
5 0 0
14 5 0
-1 -1 1
-1 -1 1
# Battle field states
 8 2 2 2 2 2 2 2 2 0 0 1 1 1 5
 9 2 2 2 2 2 2 2 2 0 0 1 1 1 3
 9 9 2 2 2 2 2 2 2 9 9 1 1 1 3
 9 9 9 2 2 2 2 2 9 9 9 9 1 1 3
 9 9 9 9 2 2 2 9 9 9 9 9 9 3 3
 9 9 9 9 9 3 9 9 9 9 9 9 9 3 3
 9 9 9 9 9 9 9 9 9 9 9 9 3 3 3
 9 9 9 9 9 9 9 9 9 9 9 3 3 4 4
 9 9 9 9 9 9 9 9 9 9 1 3 3 0 3
 9 9 9 9 9 9 9 9 9 4 4 1 0 3 3
 9 9 9 9 9 9 9 9 9 9 4 4 5 5 5
 9 9 9 9 9 9 9 9 9 9 9 4 5 5 5
 9 9 9 9 9 9 9 9 9 9 9 9 5 5 5
 9 9 9 9 9 9 9 9 9 9 9 9 9 5 5
 9 9 9 9 9 9 9 9 9 9 9 9 9 9 5
# Turn information for samurai of side 1 with weapon 0
# <turn>
397
# <cure period>
28
# Samurai states: <position x> <position y> <hiding>
14 9 0
14 0 0
5 0 0
13 4 0
-1 -1 1
13 10 0
# Battle field states
 8 2 2 2 2 2 2 2 2 0 0 1 1 3 5
 9 2 2 2 2 2 2 2 2 0 0 1 1 3 3
 9 9 2 2 2 2 2 2 2 9 9 1 1 3 3
 9 9 9 2 2 2 2 2 9 9 9 9 1 3 3
 9 9 9 9 2 2 2 9 9 9 9 9 9 3 3
 9 9 9 9 9 3 9 9 9 9 9 9 9 3 3
 9 9 9 9 9 9 9 9 9 9 9 9 3 3 3
 9 9 9 9 9 9 9 9 9 9 9 3 3 4 4
 9 9 9 9 9 9 9 9 9 9 1 3 3 0 3
 9 9 9 9 9 9 9 9 9 4 4 1 5 5 5
 9 9 9 9 9 9 9 9 9 9 4 4 5 5 5
 9 9 9 9 9 9 9 9 9 9 9 4 5 5 5
 9 9 9 9 9 9 9 9 9 9 9 9 5 5 5
 9 9 9 9 9 9 9 9 9 9 9 9 9 5 5
 9 9 9 9 9 9 9 9 9 9 9 9 9 9 5
# Turn information for samurai of side 1 with weapon 0
# <turn>
402
# <cure period>
28
# Samurai states: <position x> <position y> <hiding>
14 9 0
14 0 0
5 0 0
13 4 0
-1 -1 1
-1 -1 1
# Battle field states
 8 2 2 2 2 2 2 2 2 0 0 1 1 3 5
 9 2 2 2 2 2 2 2 2 0 0 1 1 3 3
 9 9 2 2 2 2 2 2 2 9 9 1 1 3 3
 9 9 9 2 2 2 2 2 9 9 9 9 1 3 3
 9 9 9 9 2 2 2 9 9 9 9 9 9 3 3
 9 9 9 9 9 3 9 9 9 9 9 9 9 3 3
 9 9 9 9 9 9 9 9 9 9 9 9 3 3 3
 9 9 9 9 9 9 9 9 9 9 9 3 3 4 4
 9 9 9 9 9 9 9 9 9 9 1 3 5 5 5
 9 9 9 9 9 9 9 9 9 4 4 1 5 5 5
 9 9 9 9 9 9 9 9 9 9 4 4 5 5 5
 9 9 9 9 9 9 9 9 9 9 9 4 5 5 5
 9 9 9 9 9 9 9 9 9 9 9 9 5 5 5
 9 9 9 9 9 9 9 9 9 9 9 9 9 5 5
 9 9 9 9 9 9 9 9 9 9 9 9 9 9 5
# Turn information for samurai of side 1 with weapon 0
# <turn>
409
# <cure period>
21
# Samurai states: <position x> <position y> <hiding>
14 9 0
14 0 0
5 0 0
-1 -1 1
-1 -1 1
12 9 0
# Battle field states
 8 2 2 2 2 2 2 2 2 0 0 3 3 3 5
 9 2 2 2 2 2 2 2 2 0 0 3 3 3 3
 9 9 2 2 2 2 2 2 2 9 9 3 3 3 3
 9 9 9 2 2 2 2 2 9 9 9 9 3 3 3
 9 9 9 9 2 2 2 9 9 9 9 9 9 3 3
 9 9 9 9 9 3 9 9 9 9 9 9 9 3 3
 9 9 9 9 9 9 9 9 9 9 9 9 3 3 3
 9 9 9 9 9 9 9 9 9 9 9 3 3 4 4
 9 9 9 9 9 9 9 9 9 9 1 5 5 5 5
 9 9 9 9 9 9 9 9 9 4 4 5 5 5 5
 9 9 9 9 9 9 9 9 9 9 4 5 5 5 5
 9 9 9 9 9 9 9 9 9 9 9 4 5 5 5
 9 9 9 9 9 9 9 9 9 9 9 9 5 5 5
 9 9 9 9 9 9 9 9 9 9 9 9 9 5 5
 9 9 9 9 9 9 9 9 9 9 9 9 9 9 5
# Turn information for samurai of side 1 with weapon 0
# <turn>
414
# <cure period>
16
# Samurai states: <position x> <position y> <hiding>
14 9 0
14 0 0
5 1 1
-1 -1 1
-1 -1 1
-1 -1 1
# Battle field states
 9 2 2 2 2 2 2 2 2 0 0 3 3 3 5
 8 2 2 2 2 2 2 2 2 0 0 3 3 3 3
 9 2 2 2 2 2 2 2 2 0 9 3 3 3 3
 9 9 2 2 2 2 2 2 2 9 9 9 3 3 3
 9 9 9 2 2 2 2 2 9 9 9 9 9 3 3
 9 9 9 9 3 3 4 9 9 9 9 9 9 3 3
 9 9 9 9 9 3 9 9 9 9 9 9 3 3 3
 9 9 9 9 9 9 9 9 9 9 9 3 3 4 4
 9 9 9 9 9 9 9 9 9 9 5 5 5 5 5
 9 9 9 9 9 9 9 9 9 4 5 5 5 5 5
 9 9 9 9 9 9 9 9 9 9 5 5 5 5 5
 9 9 9 9 9 9 9 9 9 9 9 4 5 5 5
 9 9 9 9 9 9 9 9 9 9 9 9 5 5 5
 9 9 9 9 9 9 9 9 9 9 9 9 9 5 5
 9 9 9 9 9 9 9 9 9 9 9 9 9 9 5
# Turn information for samurai of side 1 with weapon 0
# <turn>
421
# <cure period>
9
# Samurai states: <position x> <position y> <hiding>
14 9 0
14 0 0
5 1 1
11 2 0
-1 -1 1
11 8 0
# Battle field states
 9 2 2 2 2 2 2 2 2 0 0 3 1 1 5
 8 2 2 2 2 2 2 2 2 0 0 3 3 1 1
 9 2 2 2 2 2 2 3 3 3 9 3 3 3 1
 9 9 2 2 2 2 2 3 3 9 9 9 3 3 3
 9 9 9 2 2 2 2 2 9 9 9 9 9 3 3
 9 9 9 9 3 3 4 9 9 9 9 9 9 3 3
 9 9 9 9 9 3 9 9 9 9 9 9 3 3 3
 9 9 9 9 9 9 9 9 9 9 9 5 5 4 4
 9 9 9 9 9 9 9 9 9 9 5 5 5 5 5
 9 9 9 9 9 9 9 9 9 4 5 5 5 5 5
 9 9 9 9 9 9 9 9 9 9 5 5 5 5 5
 9 9 9 9 9 9 9 9 9 9 9 4 5 5 5
 9 9 9 9 9 9 9 9 9 9 9 9 5 5 5
 9 9 9 9 9 9 9 9 9 9 9 9 9 5 5
 9 9 9 9 9 9 9 9 9 9 9 9 9 9 5
# Turn information for samurai of side 1 with weapon 0
# <turn>
426
# <cure period>
4
# Samurai states: <position x> <position y> <hiding>
14 9 0
14 1 1
6 1 0
11 2 0
-1 -1 1
-1 -1 1
# Battle field states
 9 9 2 2 2 2 2 2 2 0 0 3 1 1 5
 9 2 2 2 2 2 2 2 2 0 0 3 1 1 1
 9 9 2 2 2 2 2 2 3 3 3 3 3 1 1
 9 9 9 2 2 2 2 3 3 3 9 3 3 3 1
 9 9 9 9 2 2 2 4 2 9 9 9 3 3 3
 9 9 9 9 9 3 4 4 9 9 9 9 9 3 3
 9 9 9 9 9 9 4 9 9 9 9 9 5 3 3
 9 9 9 9 9 9 9 9 9 9 9 5 5 4 4
 9 9 9 9 9 9 9 9 9 9 5 5 5 5 5
 9 9 9 9 9 9 9 9 9 4 5 5 5 5 5
 9 9 9 9 9 9 9 9 9 9 5 5 5 5 5
 9 9 9 9 9 9 9 9 9 9 9 4 5 5 5
 9 9 9 9 9 9 9 9 9 9 9 9 5 5 5
 9 9 9 9 9 9 9 9 9 9 9 9 9 5 5
 9 9 9 9 9 9 9 9 9 9 9 9 9 9 5
# Turn information for samurai of side 1 with weapon 0
# <turn>
433
# <cure period>
0
# Samurai states: <position x> <position y> <hiding>
14 9 0
14 2 0
6 2 1
11 0 0
-1 -1 1
-1 -1 1
# Battle field states
 9 9 9 2 2 2 2 3 3 3 9 3 1 1 5
 9 9 2 2 2 2 2 2 3 3 3 3 1 1 1
 9 2 2 2 2 2 2 2 3 3 3 3 1 1 1
 9 9 2 2 2 2 2 3 3 3 3 3 3 1 1
 9 9 9 2 2 2 2 4 4 4 9 3 3 3 1
 9 9 9 9 3 3 4 4 4 9 9 9 5 3 3
 9 9 9 9 9 3 4 4 9 9 9 9 5 3 3
 9 9 9 9 9 9 4 9 9 9 9 5 5 4 4
 9 9 9 9 9 9 9 9 9 9 5 5 5 5 5
 9 9 9 9 9 9 9 9 9 4 5 5 5 5 5
 9 9 9 9 9 9 9 9 9 9 5 5 5 5 5
 9 9 9 9 9 9 9 9 9 9 9 4 5 5 5
 9 9 9 9 9 9 9 9 9 9 9 9 5 5 5
 9 9 9 9 9 9 9 9 9 9 9 9 9 5 5
 9 9 9 9 9 9 9 9 9 9 9 9 9 9 5
# Turn information for samurai of side 1 with weapon 0
# <turn>
438
# <cure period>
0
# Samurai states: <position x> <position y> <hiding>
14 9 0
14 3 1
7 2 0
-1 -1 1
-1 -1 1
-1 -1 1
# Battle field states
 9 9 9 9 2 2 2 3 3 3 3 9 1 1 5
 9 9 9 2 2 2 2 2 2 3 3 3 1 1 1
 9 9 2 2 2 2 2 2 2 3 3 3 1 1 1
 9 9 9 2 2 2 2 2 2 3 3 3 1 1 1
 9 9 9 9 2 2 2 4 4 4 3 3 3 1 1
 9 9 9 9 9 3 4 4 4 5 9 5 5 3 1
 9 9 9 9 9 9 4 4 4 9 9 9 5 3 3
 9 9 9 9 9 9 9 4 9 9 9 5 5 4 4
 9 9 9 9 9 9 9 9 9 9 5 5 5 5 5
 9 9 9 9 9 9 9 9 9 4 5 5 5 5 5
 9 9 9 9 9 9 9 9 9 9 5 5 5 5 0
 9 9 9 9 9 9 9 9 9 9 9 4 5 5 0
 9 9 9 9 9 9 9 9 9 9 9 9 5 5 0
 9 9 9 9 9 9 9 9 9 9 9 9 9 5 0
 9 9 9 9 9 9 9 9 9 9 9 9 9 9 5
# Turn information for samurai of side 1 with weapon 0
# <turn>
445
# <cure period>
0
# Samurai states: <position x> <position y> <hiding>
14 10 1
14 4 0
7 3 1
12 1 0
-1 -1 1
10 5 0
# Battle field states
 9 9 9 9 9 2 2 3 3 3 9 9 9 1 5
 9 9 9 9 2 2 2 2 2 3 3 9 3 3 3
 9 9 9 2 2 2 2 2 2 3 3 3 3 1 1
 9 9 2 2 2 2 2 2 2 3 3 3 3 1 1
 9 9 9 2 2 2 2 2 2 5 5 5 3 1 1
 9 9 9 9 3 3 4 4 4 5 5 5 3 1 1
 9 9 9 9 9 3 4 4 4 5 9 5 4 3 1
 9 9 9 9 9 9 4 4 4 9 9 9 5 4 4
 9 9 9 9 9 9 9 4 9 9 9 5 5 5 5
 9 9 9 9 9 9 9 9 9 9 0 0 0 0 5
 9 9 9 9 9 9 9 9 9 3 5 5 5 5 0
 9 9 9 9 9 9 9 9 9 9 4 4 5 5 0
 9 9 9 9 9 9 9 9 9 9 9 5 5 5 0
 9 9 9 9 9 9 9 9 9 9 9 9 5 5 0
 9 9 9 9 9 9 9 9 9 9 9 9 9 5 5
# Turn information for samurai of side 1 with weapon 0
# <turn>
450
# <cure period>
0
# Samurai states: <position x> <position y> <hiding>
14 10 1
13 4 1
7 4 0
12 1 0
-1 -1 1
-1 -1 1
# Battle field states
 9 9 9 9 9 9 2 3 3 9 9 9 1 1 5
 9 9 9 9 9 2 2 2 2 3 9 3 3 3 3
 9 9 9 9 2 2 2 2 2 3 3 3 3 1 1
 9 9 9 2 2 2 2 2 2 3 3 3 3 1 1
 9 9 2 2 2 2 2 2 2 5 5 5 5 1 1
 9 9 9 3 3 3 2 2 2 5 5 4 5 1 1
 9 9 9 9 3 3 4 4 4 5 5 5 5 4 1
 9 9 9 9 9 3 4 4 4 5 9 4 5 4 4
 9 9 9 9 9 9 4 4 4 9 9 5 5 5 5
 9 9 9 9 9 9 9 4 9 9 0 0 0 0 5
 9 9 9 9 9 9 9 9 9 3 0 0 0 0 0
 9 9 9 9 9 9 9 9 9 9 4 4 5 5 0
 9 9 9 9 9 9 9 9 9 9 9 5 5 5 0
 9 9 9 9 9 9 9 9 9 9 9 9 5 5 0
 9 9 9 9 9 9 9 9 9 9 9 9 9 5 5
# Turn information for samurai of side 1 with weapon 0
# <turn>
457
# <cure period>
0
# Samurai states: <position x> <position y> <hiding>
14 11 0
14 0 0
7 5 1
14 1 0
-1 -1 1
11 6 0
# Battle field states
 9 9 9 9 9 9 9 3 9 3 3 3 1 1 5
 9 9 9 9 9 9 2 2 2 9 3 3 3 3 3
 9 9 9 9 9 2 2 2 2 3 9 3 3 3 3
 9 9 9 9 2 2 2 2 2 3 3 9 3 3 3
 9 9 9 2 2 2 2 2 2 5 5 5 9 3 3
 9 9 2 3 3 3 2 2 2 5 5 5 5 9 3
 9 9 9 3 3 3 2 2 2 5 5 5 9 9 1
 9 9 9 9 3 3 4 4 4 5 5 9 9 4 4
 9 9 9 9 9 3 4 4 4 4 9 9 4 5 5
 9 9 9 9 9 9 4 4 4 9 9 4 0 0 5
 9 9 9 9 9 9 9 4 9 9 0 0 0 0 0
 9 9 9 9 9 9 9 9 9 3 0 0 0 0 0
 9 9 9 9 9 9 9 9 9 9 5 5 5 5 0
 9 9 9 9 9 9 9 9 9 9 9 5 5 5 0
 9 9 9 9 9 9 9 9 9 9 9 9 5 5 5
# Turn information for samurai of side 1 with weapon 0
# <turn>
462
# <cure period>
0
# Samurai states: <position x> <position y> <hiding>
14 12 1
14 0 0
7 6 0
14 1 0
-1 -1 1
-1 -1 1
# Battle field states
 9 9 9 9 9 9 9 9 9 3 3 3 1 1 5
 9 9 9 9 9 9 9 2 9 9 3 3 3 3 3
 9 9 9 9 9 9 2 2 2 9 9 3 3 3 3
 9 9 9 9 9 2 2 2 2 3 9 9 3 3 3
 9 9 9 9 2 2 2 2 2 5 5 9 9 3 3
 9 9 9 3 3 3 2 2 2 5 5 5 9 9 3
 9 9 2 3 3 3 2 2 2 5 5 5 5 9 9
 9 9 9 3 3 3 2 2 2 5 5 5 9 9 4
 9 9 9 9 3 3 4 4 4 4 5 9 9 4 5
 9 9 9 9 9 3 4 4 4 4 9 9 4 0 5
 9 9 9 9 9 9 4 4 4 9 9 4 0 0 0
 9 9 9 9 9 9 9 4 9 9 0 0 0 0 0
 9 9 9 9 9 9 9 9 9 5 0 0 0 0 0
 9 9 9 9 9 9 9 9 9 9 5 5 5 5 0
 9 9 9 9 9 9 9 9 9 9 9 5 5 5 5
# Turn information for samurai of side 1 with weapon 0
# <turn>
469
# <cure period>
0
# Samurai states: <position x> <position y> <hiding>
14 13 0
14 0 0
7 7 1
13 2 0
-1 -1 1
11 8 0
# Battle field states
 9 9 9 9 9 9 9 9 9 3 3 3 1 3 5
 9 9 9 9 9 9 9 9 9 9 3 3 3 3 3
 9 9 9 9 9 9 9 2 9 9 9 3 3 3 3
 9 9 9 9 9 9 2 2 2 9 9 9 3 3 3
 9 9 9 9 9 2 2 2 2 5 9 9 9 3 3
 9 9 9 9 3 3 2 2 2 5 5 9 9 9 3
 9 9 9 3 3 3 2 2 2 5 5 5 9 9 9
 9 9 2 3 3 3 2 2 2 5 5 5 5 9 9
 9 9 9 3 3 3 2 2 2 4 5 5 9 9 5
 9 9 9 9 3 3 4 4 4 4 5 9 9 4 5
 9 9 9 9 9 3 4 4 4 3 9 9 4 0 0
 9 9 9 9 9 9 4 4 4 9 9 4 0 0 0
 9 9 9 9 9 9 9 4 9 9 0 0 0 0 0
 9 9 9 9 9 9 9 9 9 3 0 0 0 0 0
 9 9 9 9 9 9 9 9 9 9 5 5 5 5 5
# Turn information for samurai of side 1 with weapon 0
# <turn>
474
# <cure period>
0
# Samurai states: <position x> <position y> <hiding>
14 14 0
14 0 0
7 8 0
13 2 0
-1 -1 1
-1 -1 1
# Battle field states
 9 9 9 9 9 9 9 9 9 3 3 3 1 3 5
 9 9 9 9 9 9 9 9 9 9 3 3 3 3 3
 9 9 9 9 9 9 9 9 9 9 9 3 3 3 3
 9 9 9 9 9 9 9 2 9 9 9 9 3 3 3
 9 9 9 9 9 9 2 2 2 9 9 9 9 3 3
 9 9 9 9 9 3 2 2 2 5 9 9 9 9 3
 9 9 9 9 3 3 2 2 2 5 5 9 9 9 9
 9 9 9 3 3 3 2 2 2 5 5 5 9 9 9
 9 9 3 3 3 3 2 2 2 4 5 5 5 9 9
 9 9 9 3 3 3 2 2 2 4 5 5 9 9 5
 9 9 9 9 3 3 4 4 4 4 5 9 9 0 0
 9 9 9 9 9 3 4 4 4 3 9 9 0 0 0
 9 9 9 9 9 9 2 4 4 9 9 4 0 0 0
 9 9 9 9 9 9 9 4 9 9 0 0 0 0 0
 9 9 9 9 9 9 9 9 9 5 0 0 0 0 5
# Turn information for samurai of side 1 with weapon 0
# <turn>
481
# <cure period>
0
# Samurai states: <position x> <position y> <hiding>
14 13 1
14 0 0
7 9 1
11 2 0
12 10 0
11 10 0
# Battle field states
 9 9 9 9 9 9 9 9 9 3 3 3 3 3 5
 9 9 9 9 9 9 9 9 9 9 3 3 3 3 3
 9 9 9 9 9 9 9 9 9 9 9 3 3 3 3
 9 9 9 9 9 9 9 9 9 9 9 9 3 3 3
 9 9 9 9 9 9 9 2 9 9 9 9 9 3 3
 9 9 9 9 9 9 2 2 2 9 9 9 9 9 3
 9 9 9 9 9 3 2 2 2 5 9 9 9 9 9
 9 9 9 9 3 3 2 2 2 5 5 9 9 9 9
 9 9 9 3 3 3 2 2 2 4 5 5 9 9 5
 9 9 3 3 3 3 2 2 2 4 5 5 5 4 5
 9 9 9 3 3 3 2 2 2 4 5 5 5 4 4
 9 9 9 9 3 3 4 4 4 3 5 5 5 4 0
 9 9 9 9 9 4 2 4 4 5 0 4 4 0 0
 9 9 9 9 9 9 4 4 4 3 0 0 0 0 0
 9 9 9 9 9 9 9 4 9 9 0 0 0 0 0
# Turn information for samurai of side 1 with weapon 0
# <turn>
486
# <cure period>
0
# Samurai states: <position x> <position y> <hiding>
13 13 0
14 0 0
7 10 0
11 2 0
-1 -1 1
-1 -1 1
# Battle field states
 9 9 9 9 9 9 9 9 9 3 3 3 1 1 5
 9 9 9 9 9 9 9 9 9 9 3 3 3 1 1
 9 9 9 9 9 9 9 9 9 9 9 3 3 3 1
 9 9 9 9 9 9 9 9 9 9 9 9 3 3 3
 9 9 9 9 9 9 9 9 9 9 9 9 9 3 3
 9 9 9 9 9 9 9 2 9 9 9 9 9 9 3
 9 9 9 9 9 9 2 2 2 9 9 9 9 9 9
 9 9 9 9 9 3 2 2 2 5 9 9 9 9 9
 9 9 9 9 3 3 2 2 2 4 5 9 9 4 9
 9 9 9 3 3 3 2 2 2 4 5 5 5 5 5
 9 9 3 3 3 3 2 2 2 4 5 5 5 5 4
 9 9 9 3 3 3 2 2 2 3 5 5 5 5 4
 9 9 9 9 4 4 2 4 4 5 0 4 4 4 0
 9 9 9 9 9 4 4 4 4 3 0 0 4 0 0
 9 9 9 9 9 9 4 4 4 5 0 0 0 0 0
# Turn information for samurai of side 1 with weapon 0
# <turn>
493
# <cure period>
0
# Samurai states: <position x> <position y> <hiding>
13 14 1
14 1 1
7 11 1
-1 -1 1
12 12 0
12 11 0
# Battle field states
 9 9 9 9 9 9 9 9 9 9 3 3 1 1 5
 9 9 9 9 9 9 9 9 9 3 3 3 1 1 1
 9 9 9 9 9 9 9 9 9 9 3 3 3 1 1
 9 9 9 9 9 9 9 9 9 9 9 3 3 3 1
 9 9 9 9 9 9 9 9 9 9 9 9 5 3 3
 9 9 9 9 9 9 9 9 9 9 9 9 9 3 3
 9 9 9 9 9 9 9 2 9 9 9 9 9 9 3
 9 9 9 9 9 9 2 2 2 9 9 9 9 9 9
 9 9 9 9 9 3 2 2 2 4 9 9 9 9 9
 9 9 9 9 3 3 2 2 2 4 5 9 9 0 9
 9 9 9 3 3 3 2 2 2 4 5 5 5 5 4
 9 9 3 3 3 3 2 2 2 3 5 5 5 5 4
 9 9 9 4 4 4 2 2 2 5 0 5 5 5 4
 9 9 9 9 4 4 4 4 4 3 0 0 4 4 0
 9 9 9 9 9 4 4 4 4 5 0 0 4 0 0
# Turn information for samurai of side 1 with weapon 0
# <turn>
498
# <cure period>
0
# Samurai states: <position x> <position y> <hiding>
12 14 0
14 2 0
7 12 0
11 4 0
-1 -1 1
9 14 0
# Battle field states
 9 9 9 9 9 9 9 9 9 9 9 3 1 1 5
 9 9 9 9 9 9 9 9 9 9 3 3 1 1 1
 9 9 9 9 9 9 9 9 9 3 3 3 1 1 1
 9 9 9 9 9 9 9 9 9 9 3 3 3 1 1
 9 9 9 9 9 9 9 9 9 9 9 5 5 3 1
 9 9 9 9 9 9 9 9 9 9 9 9 5 3 3
 9 9 9 9 9 9 9 9 9 9 9 9 9 4 3
 9 9 9 9 9 9 9 2 9 9 9 9 9 9 4
 9 9 9 9 9 9 2 2 2 9 9 9 9 9 9
 9 9 9 9 9 3 2 2 2 4 9 9 5 9 9
 9 9 9 9 3 3 2 2 2 4 5 5 0 5 9
 9 9 9 3 3 3 2 2 2 3 5 5 0 5 4
 9 9 4 4 4 4 2 2 2 5 0 5 0 5 4
 9 9 9 4 4 4 2 2 2 3 0 0 0 4 0
 9 9 9 9 4 4 4 4 4 5 0 0 4 0 0
# Turn information for samurai of side 1 with weapon 0
# <turn>
505
# <cure period>
0
# Samurai states: <position x> <position y> <hiding>
13 14 1
14 0 0
7 13 1
13 4 0
-1 -1 1
9 14 0
# Battle field states
 9 9 9 9 9 9 9 9 9 3 3 3 3 3 5
 9 9 9 9 9 9 9 9 9 9 3 3 3 3 1
 9 9 9 9 9 9 9 9 9 9 9 1 1 3 1
 9 9 9 9 9 9 9 9 9 9 9 9 1 3 1
 9 9 9 9 9 9 9 9 9 9 9 9 9 1 1
 9 9 9 9 9 9 9 9 9 9 9 9 9 9 3
 9 9 9 9 9 9 9 9 9 9 9 9 9 9 9
 9 9 9 9 9 9 9 9 9 9 9 9 9 9 9
 9 9 9 9 9 9 9 2 9 9 9 9 9 9 9
 9 9 9 9 9 9 2 2 2 9 9 9 9 0 9
 9 9 9 9 9 3 2 2 2 4 9 9 0 0 4
 9 9 9 9 3 3 2 2 2 3 5 5 0 0 4
 9 9 9 4 4 4 2 2 2 5 0 5 0 0 4
 9 9 4 4 4 4 2 2 2 3 0 0 0 0 0
 9 9 9 4 4 4 2 2 2 5 0 0 4 0 0
