# <# turns> <side> <weapon> <width> <height> <cure period>
510 1 1 15 15 30
# Home positions
14 9
14 0
5 0
0 5
0 14
9 14
# Ranks and scores of samurai
1 80
0 93
4 28
2 40
5 24
3 31
# Turn information for samurai of side 1 with weapon 1
# <turn>
2
# <cure period>
0
# Samurai states: <position x> <position y> <hiding>
14 9 0
14 0 0
5 0 0
-1 -1 1
-1 -1 1
-1 -1 1
# Battle field states
 8 8 8 8 8 8 8 8 8 8 8 8 8 8 8
 9 8 8 8 8 8 8 8 8 8 8 8 8 8 8
 9 9 8 8 8 8 8 8 8 9 9 8 8 8 8
 9 9 9 8 8 8 8 8 9 9 9 9 8 8 8
 9 9 9 9 8 8 8 9 9 9 9 9 9 8 8
 9 9 9 9 9 8 9 9 9 9 9 9 9 8 8
 9 9 9 9 9 9 9 9 9 9 9 9 8 8 8
 9 9 9 9 9 9 9 9 9 9 9 8 8 8 8
 9 9 9 9 9 9 9 9 9 9 8 8 8 8 8
 9 9 9 9 9 9 9 9 9 8 8 8 8 8 8
 9 9 9 9 9 9 9 9 9 9 8 8 8 8 0
 9 9 9 9 9 9 9 9 9 9 9 8 8 8 0
 9 9 9 9 9 9 9 9 9 9 9 9 8 8 0
 9 9 9 9 9 9 9 9 9 9 9 9 9 8 0
 9 9 9 9 9 9 9 9 9 9 9 9 9 9 8
# Turn information for samurai of side 1 with weapon 1
# <turn>
9
# <cure period>
0
# Samurai states: <position x> <position y> <hiding>
14 10 1
14 0 0
5 1 0
-1 -1 1
-1 -1 1
-1 -1 1
# Battle field states
 9 8 8 8 2 8 2 8 8 8 8 8 1 1 8
 8 8 8 8 2 8 2 8 8 8 8 8 8 1 1
 9 8 8 8 2 2 2 8 8 8 9 8 8 8 1
 9 9 8 8 8 8 8 8 8 9 9 9 8 8 8
 9 9 9 8 8 8 8 8 9 9 9 9 9 8 8
 9 9 9 9 3 8 8 9 9 9 9 9 9 9 0
 9 9 9 9 9 8 9 9 9 9 9 9 9 8 0
 9 9 9 9 9 9 9 9 9 9 9 9 8 8 0
 9 9 9 9 9 9 9 9 9 9 9 8 8 8 0
 9 9 9 9 9 9 9 9 9 9 8 8 8 8 8
 9 9 9 9 9 9 9 9 9 8 8 8 8 8 0
 9 9 9 9 9 9 9 9 9 9 8 8 8 8 0
 9 9 9 9 9 9 9 9 9 9 9 8 8 8 0
 9 9 9 9 9 9 9 9 9 9 9 9 8 8 0
 9 9 9 9 9 9 9 9 9 9 9 9 9 8 8
# Turn information for samurai of side 1 with weapon 1
# <turn>
14
# <cure period>
0
# Samurai states: <position x> <position y> <hiding>
14 10 1
14 1 1
5 2 1
-1 -1 1
-1 -1 1
-1 -1 1
# Battle field states
 9 9 8 8 2 8 2 8 8 9 8 8 1 1 8
 9 8 8 8 2 2 2 8 8 8 8 8 1 1 1
 8 8 8 8 2 2 2 8 8 8 8 8 8 1 1
 9 8 8 8 2 2 2 8 8 8 9 8 8 8 1
 9 9 8 8 8 8 8 8 8 9 9 9 8 8 8
 9 9 9 3 3 8 8 8 9 9 9 9 9 8 0
 9 9 9 9 3 8 8 9 9 9 9 9 9 8 0
 9 9 9 9 9 8 9 9 9 9 9 9 8 8 0
 9 9 9 9 9 9 9 9 9 9 9 8 8 8 0
 9 9 9 9 9 9 9 9 9 9 8 8 8 8 8
 9 9 9 9 9 9 9 9 9 8 0 0 0 0 0
 9 9 9 9 9 9 9 9 9 9 8 8 8 8 0
 9 9 9 9 9 9 9 9 9 9 9 5 8 8 0
 9 9 9 9 9 9 9 9 9 9 9 9 8 8 0
 9 9 9 9 9 9 9 9 9 9 9 9 9 8 8
# Turn information for samurai of side 1 with weapon 1
# <turn>
21
# <cure period>
0
# Samurai states: <position x> <position y> <hiding>
14 11 0
14 2 0
5 3 0
-1 -1 1
-1 -1 1
11 13 0
# Battle field states
 9 9 9 8 2 8 2 8 9 9 9 8 1 1 8
 9 9 8 8 2 2 2 8 8 9 8 8 1 1 1
 9 8 8 8 2 2 2 8 8 8 8 8 1 1 1
 8 8 8 8 2 2 2 8 8 8 8 8 8 1 1
 9 8 8 8 2 2 2 8 8 8 9 8 8 8 1
 9 9 3 3 3 8 8 8 8 9 9 9 8 8 0
 9 9 9 3 3 8 8 8 9 9 9 9 9 8 0
 9 9 9 9 3 8 8 9 9 9 9 9 9 8 0
 9 9 9 9 9 8 9 9 9 9 9 9 8 8 0
 9 9 9 9 9 9 9 9 9 9 9 8 8 8 8
 9 9 9 9 9 9 9 9 9 9 0 0 0 0 0
 9 9 9 9 9 9 9 9 9 8 0 0 0 0 0
 9 9 9 9 9 9 9 9 9 9 5 5 5 8 0
 9 9 9 9 9 9 9 9 9 9 9 5 5 8 0
 9 9 9 9 9 9 9 9 9 9 9 9 5 8 8
# Turn information for samurai of side 1 with weapon 1
# <turn>
26
# <cure period>
0
# Samurai states: <position x> <position y> <hiding>
14 12 1
13 2 1
5 4 1
-1 -1 1
-1 -1 1
-1 -1 1
# Battle field states
 9 9 9 9 2 8 2 9 9 9 8 8 1 1 8
 9 9 9 8 2 2 2 8 9 8 8 8 1 1 1
 9 9 8 8 2 2 2 8 8 8 8 1 1 1 1
 9 8 8 8 2 2 2 8 8 8 8 8 1 1 1
 8 8 8 8 2 2 2 8 8 8 8 8 8 1 1
 9 3 3 3 2 2 2 8 8 8 9 8 8 8 0
 9 9 3 3 3 8 8 8 8 9 9 9 8 8 0
 9 9 9 3 3 8 8 8 9 9 9 9 9 8 0
 9 9 9 9 3 8 8 9 9 9 9 9 9 8 0
 9 9 9 9 9 8 9 9 9 9 9 9 8 8 8
 9 9 9 9 9 9 9 9 9 9 9 0 0 0 0
 9 9 9 9 9 9 9 9 9 9 0 0 0 0 0
 9 9 9 9 9 9 9 9 9 5 0 0 0 0 0
 9 9 9 9 9 9 9 9 9 9 5 5 5 5 0
 9 9 9 9 9 9 9 9 9 9 9 5 5 5 8
# Turn information for samurai of side 1 with weapon 1
# <turn>
33
# <cure period>
0
# Samurai states: <position x> <position y> <hiding>
14 9 0
13 3 0
5 5 0
-1 -1 1
-1 -1 1
13 13 0
# Battle field states
 9 9 9 9 9 8 9 9 9 9 9 8 1 1 8
 9 9 9 9 2 2 2 9 9 9 8 8 1 1 1
 9 9 9 8 2 2 2 8 9 8 8 1 1 1 1
 9 9 8 8 2 2 2 8 8 8 8 1 1 1 1
 9 8 8 8 2 2 2 8 8 8 8 8 1 1 1
 8 3 3 3 2 2 2 8 8 8 8 8 8 1 0
 9 3 3 3 2 2 2 8 8 8 9 8 8 8 0
 9 9 3 3 3 8 8 8 8 9 9 8 8 8 0
 9 9 9 3 3 8 8 8 9 9 8 8 8 8 0
 9 9 9 9 3 8 8 9 9 8 8 8 8 8 8
 9 9 9 9 9 8 9 9 9 9 0 0 0 0 0
 9 9 9 9 9 9 9 9 9 9 9 0 0 0 0
 9 9 9 9 9 9 9 9 9 9 9 9 5 5 5
 9 9 9 9 9 9 9 9 9 9 9 9 9 5 5
 9 9 9 9 9 9 9 9 9 9 9 9 9 9 5
# Turn information for samurai of side 1 with weapon 1
# <turn>
38
# <cure period>
0
# Samurai states: <position x> <position y> <hiding>
14 9 0
13 4 1
5 6 1
-1 -1 1
-1 -1 1
-1 -1 1
# Battle field states
 9 9 9 9 9 9 9 9 9 9 9 9 1 1 8
 9 9 9 9 9 2 9 9 9 9 9 8 1 1 1
 9 9 9 9 2 2 2 9 9 9 8 1 1 1 1
 9 9 9 8 2 2 2 8 9 8 8 1 1 1 1
 9 9 8 8 2 2 2 8 8 8 8 1 1 1 1
 9 3 3 3 2 2 2 8 8 8 8 8 1 1 0
 3 3 3 3 2 2 2 8 8 8 8 8 8 1 0
 9 3 3 3 2 2 2 8 8 8 9 8 8 8 0
 9 9 3 3 3 8 8 8 8 9 8 8 8 8 0
 9 9 9 3 3 8 8 8 9 8 8 8 8 8 8
 9 9 9 9 3 8 8 9 9 9 0 0 0 0 0
 9 9 9 9 9 8 9 9 9 9 9 0 5 5 5
 9 9 9 9 9 9 9 9 9 9 9 9 5 5 5
 9 9 9 9 9 9 9 9 9 9 9 9 9 5 5
 9 9 9 9 9 9 9 9 9 9 9 9 9 9 5
# Turn information for samurai of side 1 with weapon 1
# <turn>
45
# <cure period>
0
# Samurai states: <position x> <position y> <hiding>
14 9 0
13 5 0
5 7 0
-1 -1 1
-1 -1 1
13 11 0
# Battle field states
 9 9 9 9 9 9 9 9 9 9 9 9 9 1 9
 9 9 9 9 9 9 9 9 9 9 9 9 1 1 1
 9 9 9 9 9 2 9 9 9 9 9 1 1 1 1
 9 9 9 9 2 2 2 9 9 9 8 1 1 1 1
 9 9 9 8 2 2 2 8 9 8 8 1 1 1 1
 9 9 3 3 2 2 2 8 8 8 8 1 1 1 0
 9 3 3 3 2 2 2 8 8 8 8 8 1 1 0
 3 3 3 3 2 2 2 8 8 8 8 8 8 1 0
 9 3 3 3 2 2 2 8 8 8 8 8 8 8 0
 9 9 3 3 3 8 8 8 8 8 8 8 8 8 8
 9 9 9 3 3 4 8 8 9 9 0 0 5 5 5
 9 9 9 9 3 4 4 9 9 9 9 0 5 5 5
 9 9 9 9 9 4 9 9 9 9 9 9 5 5 5
 9 9 9 9 9 9 9 9 9 9 9 9 9 5 5
 9 9 9 9 9 9 9 9 9 9 9 9 9 9 5
# Turn information for samurai of side 1 with weapon 1
# <turn>
50
# <cure period>
0
# Samurai states: <position x> <position y> <hiding>
14 9 0
13 6 1
5 8 1
-1 -1 1
-1 -1 1
-1 -1 1
# Battle field states
 9 9 9 9 9 9 9 9 9 9 9 9 9 9 9
 9 9 9 9 9 9 9 9 9 9 9 9 9 1 9
 9 9 9 9 9 9 9 9 9 9 9 9 1 1 1
 9 9 9 9 9 2 9 9 9 9 9 1 1 1 1
 9 9 9 9 2 2 2 9 9 9 8 1 1 1 1
 9 9 9 3 2 2 2 8 9 8 8 1 1 1 0
 9 9 3 3 2 2 2 8 8 8 8 1 1 1 0
 9 3 3 3 2 2 2 8 8 8 8 8 1 1 0
 3 3 3 3 2 2 2 8 8 8 8 8 8 1 0
 9 3 3 3 2 2 2 8 8 8 8 8 5 5 5
 9 9 3 3 3 4 8 8 8 9 0 0 5 5 5
 9 9 9 3 3 4 4 8 9 9 9 0 5 5 5
 9 9 9 9 4 4 4 9 9 9 9 9 5 5 5
 9 9 9 9 9 4 9 9 9 9 9 9 9 5 5
 9 9 9 9 9 9 9 9 9 9 9 9 9 9 5
# Turn information for samurai of side 1 with weapon 1
# <turn>
57
# <cure period>
0
# Samurai states: <position x> <position y> <hiding>
14 9 0
13 7 0
6 8 0
-1 -1 1
-1 -1 1
12 10 0
# Battle field states
 9 9 9 9 9 9 9 9 9 9 9 9 9 9 9
 9 9 9 9 9 9 9 9 9 9 9 9 9 9 9
 9 9 9 9 9 9 9 9 9 9 9 9 9 1 9
 9 9 9 9 9 9 2 9 9 9 9 9 1 1 1
 9 9 9 9 9 2 2 8 9 9 9 1 1 1 1
 9 9 9 9 2 2 2 8 8 9 8 1 1 1 0
 9 9 9 3 2 2 2 8 8 8 8 1 1 1 0
 9 9 3 3 2 2 2 2 8 8 8 1 1 1 0
 9 3 3 3 2 4 2 2 8 8 8 8 1 1 0
 9 9 3 3 2 4 4 2 8 8 8 5 5 5 5
 9 9 9 3 3 4 4 4 8 8 0 5 5 5 5
 9 9 9 9 3 4 4 4 8 9 9 5 5 5 5
 9 9 9 9 9 4 4 4 9 9 9 9 5 5 5
 9 9 9 9 9 9 4 9 9 9 9 9 9 5 5
 9 9 9 9 9 9 9 9 9 9 9 9 9 9 5
# Turn information for samurai of side 1 with weapon 1
# <turn>
62
# <cure period>
27
# Samurai states: <position x> <position y> <hiding>
14 9 0
14 0 0
6 9 0
-1 -1 1
-1 -1 1
12 9 0
# Battle field states
 9 9 9 9 9 9 9 9 9 8 8 8 1 1 8
 9 9 9 9 9 9 9 9 9 9 8 8 1 1 1
 9 9 9 9 9 9 9 9 9 9 9 1 1 1 1
 9 9 9 9 9 9 9 9 9 9 9 9 1 1 1
 9 9 9 9 9 9 2 9 9 9 9 9 9 1 1
 9 9 9 9 9 2 2 8 9 9 9 9 9 1 0
 9 9 9 9 2 2 2 8 8 9 9 9 1 1 0
 9 9 9 3 2 2 2 2 8 8 9 1 1 1 0
 9 9 3 3 2 2 2 2 8 8 8 5 5 5 0
 9 3 3 3 2 2 4 2 8 8 8 5 1 5 5
 9 9 3 3 3 2 2 2 8 8 0 5 5 5 5
 9 9 9 3 3 4 4 4 8 8 9 5 5 5 5
 9 9 9 9 3 4 4 4 5 9 9 9 5 5 5
 9 9 9 9 9 4 4 4 9 9 9 9 9 5 5
 9 9 9 9 9 9 4 9 9 9 9 9 9 9 5
# Turn information for samurai of side 1 with weapon 1
# <turn>
69
# <cure period>
20
# Samurai states: <position x> <position y> <hiding>
14 9 0
14 0 0
6 10 1
-1 -1 1
-1 -1 1
-1 -1 1
# Battle field states
 9 9 9 9 9 9 9 9 9 8 8 8 1 1 8
 9 9 9 9 9 9 9 9 9 9 8 8 1 1 1
 9 9 9 9 9 9 9 9 9 9 9 1 1 1 1
 9 9 9 9 9 9 9 9 9 9 9 9 1 1 1
 9 9 9 9 9 9 9 9 9 9 9 9 9 1 1
 9 9 9 9 9 9 2 9 9 9 9 9 9 1 0
 9 9 9 9 9 2 2 8 9 9 9 9 1 1 0
 9 9 9 9 2 2 2 2 8 9 9 5 5 5 0
 9 9 9 3 2 2 2 2 8 8 8 5 5 5 0
 9 9 3 3 2 2 2 2 8 8 8 5 5 5 5
 9 3 3 3 3 2 2 2 8 8 0 5 5 5 5
 9 9 3 3 3 2 2 2 8 8 0 5 5 5 5
 9 9 9 3 3 4 4 4 5 5 9 9 5 5 5
 9 9 9 9 3 4 4 4 5 9 9 9 9 5 5
 9 9 9 9 9 4 4 4 9 9 9 9 9 9 5
# Turn information for samurai of side 1 with weapon 1
# <turn>
74
# <cure period>
15
# Samurai states: <position x> <position y> <hiding>
14 9 0
14 0 0
6 11 0
-1 -1 1
-1 -1 1
13 8 0
# Battle field states
 9 9 9 9 9 9 9 9 9 8 8 8 1 1 8
 9 9 9 9 9 9 9 9 9 9 8 8 1 1 1
 9 9 9 9 9 9 9 9 9 9 9 1 1 1 1
 9 9 9 9 9 9 9 9 9 9 9 9 1 1 1
 9 9 9 9 9 9 9 9 9 9 9 9 9 1 1
 9 9 9 9 9 9 9 9 9 9 9 9 9 1 0
 9 9 9 9 9 9 2 9 9 9 9 9 1 1 0
 9 9 9 9 9 2 2 2 9 9 9 5 5 5 5
 9 9 9 9 2 2 2 2 8 9 8 5 5 5 5
 9 9 9 3 2 2 2 2 8 8 8 5 5 5 5
 9 9 3 3 3 2 2 2 8 8 0 5 5 5 5
 9 3 3 3 3 2 2 2 8 8 0 5 5 5 5
 9 9 3 3 3 3 2 2 5 5 0 9 5 5 5
 9 9 9 3 3 4 4 4 5 5 9 9 9 5 5
 9 9 9 9 4 4 4 4 5 9 9 9 9 9 5
# Turn information for samurai of side 1 with weapon 1
# <turn>
81
# <cure period>
8
# Samurai states: <position x> <position y> <hiding>
14 9 0
14 0 0
5 0 0
-1 -1 1
-1 -1 1
-1 -1 1
# Battle field states
 8 8 8 8 2 8 2 8 8 8 8 8 1 1 8
 9 8 8 8 2 2 2 8 8 8 8 8 1 1 1
 9 9 8 8 2 2 2 8 8 9 9 1 1 1 1
 9 9 9 8 2 2 2 8 9 9 9 9 1 1 1
 9 9 9 9 2 2 2 9 9 9 9 9 9 1 1
 9 9 9 9 9 2 9 9 9 9 9 9 9 1 0
 9 9 9 9 9 9 9 9 9 9 9 9 5 5 5
 9 9 9 9 9 9 9 9 9 9 9 5 5 5 5
 9 9 9 9 9 9 9 9 9 9 8 5 5 5 5
 9 9 9 9 9 9 9 9 9 8 8 5 5 5 5
 9 9 9 9 9 9 9 9 9 9 0 5 5 5 5
 9 9 9 9 9 9 9 9 9 9 9 5 5 5 5
 9 9 9 9 9 9 9 9 9 9 9 9 5 5 5
 9 9 9 9 9 9 9 9 9 9 9 9 9 5 5
 9 9 9 9 9 9 9 9 9 9 9 9 9 9 5
# Turn information for samurai of side 1 with weapon 1
# <turn>
86
# <cure period>
3
# Samurai states: <position x> <position y> <hiding>
14 9 0
14 0 0
5 0 0
-1 -1 1
-1 -1 1
13 6 0
# Battle field states
 8 8 8 8 2 8 2 8 8 8 8 8 1 1 8
 9 8 8 8 2 2 2 8 8 8 8 8 1 1 1
 9 9 8 8 2 2 2 8 8 9 9 1 1 1 1
 9 9 9 8 2 2 2 8 9 9 9 9 1 1 1
 9 9 9 9 2 2 2 9 9 9 9 9 9 1 1
 9 9 9 9 9 2 9 9 9 9 9 9 9 5 5
 9 9 9 9 9 9 9 9 9 9 9 9 5 5 5
 9 9 9 9 9 9 9 9 9 9 9 5 5 5 5
 9 9 9 9 9 9 9 9 9 9 8 5 5 5 5
 9 9 9 9 9 9 9 9 9 8 8 5 5 5 5
 9 9 9 9 9 9 9 9 9 9 0 5 5 5 5
 9 9 9 9 9 9 9 9 9 9 9 5 5 5 5
 9 9 9 9 9 9 9 9 9 9 9 9 5 5 5
 9 9 9 9 9 9 9 9 9 9 9 9 9 5 5
 9 9 9 9 9 9 9 9 9 9 9 9 9 9 5
# Turn information for samurai of side 1 with weapon 1
# <turn>
93
# <cure period>
0
# Samurai states: <position x> <position y> <hiding>
14 9 0
14 0 0
5 0 0
-1 -1 1
-1 -1 1
-1 -1 1
# Battle field states
 8 8 8 8 2 8 2 8 8 8 8 8 1 1 8
 9 8 8 8 2 2 2 8 8 8 8 8 1 1 1
 9 9 8 8 2 2 2 8 8 9 9 1 1 1 1
 9 9 9 8 2 2 2 8 9 9 9 9 1 1 1
 9 9 9 9 2 2 2 9 9 9 9 9 9 5 5
 9 9 9 9 9 2 9 9 9 9 9 9 9 5 5
 9 9 9 9 9 9 9 9 9 9 9 9 5 5 5
 9 9 9 9 9 9 9 9 9 9 9 5 5 5 5
 9 9 9 9 9 9 9 9 9 9 8 5 5 5 5
 9 9 9 9 9 9 9 9 9 8 8 5 5 5 5
 9 9 9 9 9 9 9 9 9 9 0 5 5 5 5
 9 9 9 9 9 9 9 9 9 9 9 5 5 5 5
 9 9 9 9 9 9 9 9 9 9 9 9 5 5 5
 9 9 9 9 9 9 9 9 9 9 9 9 9 5 5
 9 9 9 9 9 9 9 9 9 9 9 9 9 9 5
# Turn information for samurai of side 1 with weapon 1
# <turn>
98
# <cure period>
0
# Samurai states: <position x> <position y> <hiding>
14 9 0
13 0 1
5 0 0
-1 -1 1
-1 -1 1
13 4 0
# Battle field states
 8 8 8 8 2 8 2 8 8 8 8 1 1 1 8
 9 8 8 8 2 2 2 8 8 8 8 8 1 1 1
 9 9 8 8 2 2 2 8 8 9 8 1 1 1 1
 9 9 9 8 2 2 2 8 9 9 9 1 5 5 5
 9 9 9 9 2 2 2 9 9 9 9 9 5 5 5
 9 9 9 9 9 2 9 9 9 9 9 9 9 5 5
 9 9 9 9 9 9 9 9 9 9 9 9 5 5 5
 9 9 9 9 9 9 9 9 9 9 9 5 5 5 5
 9 9 9 9 9 9 9 9 9 9 8 5 5 5 5
 9 9 9 9 9 9 9 9 9 8 8 5 5 5 5
 9 9 9 9 9 9 9 9 9 9 0 5 5 5 5
 9 9 9 9 9 9 9 9 9 9 9 5 5 5 5
 9 9 9 9 9 9 9 9 9 9 9 9 5 5 5
 9 9 9 9 9 9 9 9 9 9 9 9 9 5 5
 9 9 9 9 9 9 9 9 9 9 9 9 9 9 5
# Turn information for samurai of side 1 with weapon 1
# <turn>
105
# <cure period>
0
# Samurai states: <position x> <position y> <hiding>
14 9 0
13 1 0
5 0 0
-1 -1 1
-1 -1 1
-1 -1 1
# Battle field states
 8 8 8 8 2 8 2 8 8 8 8 1 1 1 8
 9 8 8 8 2 2 2 8 8 8 8 1 1 1 1
 9 9 8 8 2 2 2 8 8 8 8 1 1 1 1
 9 9 9 8 2 2 2 8 9 9 8 5 5 5 5
 9 9 9 9 2 2 2 9 9 9 9 5 5 5 5
 9 9 9 9 9 2 9 9 9 9 9 9 5 5 5
 9 9 9 9 9 9 9 9 9 9 9 9 5 5 5
 9 9 9 9 9 9 9 9 9 9 9 5 5 5 5
 9 9 9 9 9 9 9 9 9 9 8 5 5 5 5
 9 9 9 9 9 9 9 9 9 8 8 5 5 5 5
 9 9 9 9 9 9 9 9 9 9 0 5 5 5 0
 9 9 9 9 9 9 9 9 9 9 9 5 5 5 0
 9 9 9 9 9 9 9 9 9 9 9 9 5 5 0
 9 9 9 9 9 9 9 9 9 9 9 9 9 5 0
 9 9 9 9 9 9 9 9 9 9 9 9 9 9 5
# Turn information for samurai of side 1 with weapon 1
# <turn>
110
# <cure period>
27
# Samurai states: <position x> <position y> <hiding>
14 10 1
14 0 0
5 0 0
-1 -1 1
-1 -1 1
12 3 0
# Battle field states
 8 8 8 8 2 8 2 8 8 8 8 1 1 1 8
 9 8 8 8 2 2 2 8 8 8 8 1 1 1 1
 9 9 8 8 2 2 2 8 8 9 9 5 5 5 1
 9 9 9 8 2 2 2 8 9 9 9 9 5 5 1
 9 9 9 9 2 2 2 9 9 9 9 9 9 5 5
 9 9 9 9 9 2 9 9 9 9 9 9 9 9 0
 9 9 9 9 9 9 9 9 9 9 9 9 9 5 0
 9 9 9 9 9 9 9 9 9 9 9 9 5 5 0
 9 9 9 9 9 9 9 9 9 9 9 5 5 5 0
 9 9 9 9 9 9 9 9 9 9 8 5 5 5 5
 9 9 9 9 9 9 9 9 9 8 0 5 5 5 0
 9 9 9 9 9 9 9 9 9 9 0 5 5 5 0
 9 9 9 9 9 9 9 9 9 9 9 0 5 5 0
 9 9 9 9 9 9 9 9 9 9 9 9 5 5 0
 9 9 9 9 9 9 9 9 9 9 9 9 9 5 5
# Turn information for samurai of side 1 with weapon 1
# <turn>
117
# <cure period>
20
# Samurai states: <position x> <position y> <hiding>
14 9 0
14 0 0
4 0 1
-1 -1 1
-1 -1 1
-1 -1 1
# Battle field states
 8 8 8 2 2 2 2 8 8 8 8 1 1 1 8
 8 8 8 2 2 2 2 8 8 9 8 1 1 1 1
 9 8 8 8 2 2 2 8 9 9 9 5 5 5 5
 9 9 8 8 2 2 2 9 9 9 9 9 5 5 5
 9 9 9 8 2 2 9 9 9 9 9 9 9 5 5
 9 9 9 9 2 9 9 9 9 9 9 9 9 5 0
 9 9 9 9 9 9 9 9 9 9 9 9 5 5 0
 9 9 9 9 9 9 9 9 9 9 9 5 5 5 0
 9 9 9 9 9 9 9 9 9 9 8 5 5 5 0
 9 9 9 9 9 9 9 9 9 8 0 0 0 0 5
 9 9 9 9 9 9 9 9 9 9 0 5 5 5 0
 9 9 9 9 9 9 9 9 9 9 9 5 5 5 0
 9 9 9 9 9 9 9 9 9 9 9 9 5 5 0
 9 9 9 9 9 9 9 9 9 9 9 9 9 5 0
 9 9 9 9 9 9 9 9 9 9 9 9 9 9 5
# Turn information for samurai of side 1 with weapon 1
# <turn>
122
# <cure period>
15
# Samurai states: <position x> <position y> <hiding>
14 8 1
14 0 0
3 0 0
-1 -1 1
-1 -1 1
13 2 0
# Battle field states
 8 8 2 2 2 2 2 8 8 8 8 1 1 1 8
 8 8 3 2 2 2 2 8 9 9 8 1 5 5 5
 8 8 3 8 2 2 2 9 9 9 9 5 5 5 5
 9 8 3 8 2 2 9 9 9 9 9 9 5 5 5
 9 9 3 8 2 9 9 9 9 9 9 9 9 5 5
 9 9 9 3 9 9 9 9 9 9 9 9 5 5 0
 9 9 9 9 9 9 9 9 9 9 9 1 5 5 0
 9 9 9 9 9 9 9 9 9 9 8 5 5 5 0
 9 9 9 9 9 9 9 9 9 8 0 0 0 0 0
 9 9 9 9 9 9 9 9 9 9 0 0 0 0 5
 9 9 9 9 9 9 9 9 9 9 9 5 5 5 0
 9 9 9 9 9 9 9 9 9 9 9 9 5 5 0
 9 9 9 9 9 9 9 9 9 9 9 9 9 5 0
 9 9 9 9 9 9 9 9 9 9 9 9 9 9 0
 9 9 9 9 9 9 9 9 9 9 9 9 9 9 9
# Turn information for samurai of side 1 with weapon 1
# <turn>
129
# <cure period>
25
# Samurai states: <position x> <position y> <hiding>
14 7 0
14 0 0
3 1 1
-1 -1 1
-1 -1 1
-1 -1 1
# Battle field states
 8 8 2 2 2 2 2 8 9 8 8 1 5 5 5
 8 8 2 2 2 2 2 8 8 9 8 1 5 5 5
 8 8 2 2 2 2 2 8 9 9 9 5 5 5 5
 8 8 3 8 2 2 2 9 9 9 9 9 5 5 5
 9 8 3 8 2 2 9 9 9 9 9 9 5 5 5
 9 9 3 3 3 9 9 9 9 9 9 5 5 5 0
 9 9 9 3 9 9 9 9 9 9 8 1 5 5 0
 9 9 9 9 9 9 9 9 9 8 0 0 0 0 0
 9 9 9 9 9 9 9 9 9 9 0 0 0 0 0
 9 9 9 9 9 9 9 9 9 9 9 0 0 0 5
 9 9 9 9 9 9 9 9 9 9 9 9 5 5 0
 9 9 9 9 9 9 9 9 9 9 9 9 9 5 0
 9 9 9 9 9 9 9 9 9 9 9 9 9 9 0
 9 9 9 9 9 9 9 9 9 9 9 9 9 9 9
 9 9 9 9 9 9 9 9 9 9 9 9 9 9 9
# Turn information for samurai of side 1 with weapon 1
# <turn>
134
# <cure period>
20
# Samurai states: <position x> <position y> <hiding>
13 7 1
14 0 0
2 1 0
-1 -1 1
-1 -1 1
12 1 0
# Battle field states
 8 2 2 2 2 2 2 9 9 8 8 5 5 5 5
 8 2 2 3 2 2 2 8 9 9 8 5 5 5 5
 8 2 2 3 2 2 2 9 9 9 9 5 5 5 5
 8 8 3 3 2 2 9 9 9 9 9 9 5 0 5
 8 8 3 3 2 9 9 9 9 9 9 5 5 0 5
 9 3 3 3 9 9 9 9 9 9 8 5 5 0 0
 9 9 3 9 9 9 9 9 9 8 8 1 5 0 0
 9 9 9 9 9 9 9 9 8 8 0 0 0 0 0
 9 9 9 9 9 9 9 9 9 8 0 0 0 0 0
 9 9 9 9 9 9 9 9 9 9 0 0 0 0 5
 9 9 9 9 9 9 9 9 9 9 9 5 5 5 0
 9 9 9 9 9 9 9 9 9 9 9 9 5 5 0
 9 9 9 9 9 9 9 9 9 9 9 9 9 5 9
 9 9 9 9 9 9 9 9 9 9 9 9 9 9 9
 9 9 9 9 9 9 9 9 9 9 9 9 9 9 9
# Turn information for samurai of side 1 with weapon 1
# <turn>
141
# <cure period>
13
# Samurai states: <position x> <position y> <hiding>
12 7 0
14 0 0
2 2 1
4 5 0
-1 -1 1
-1 -1 1
# Battle field states
 8 2 2 2 2 2 9 9 9 8 5 5 5 5 5
 8 2 2 2 3 2 2 9 9 9 5 5 5 5 5
 8 2 2 2 3 2 2 8 9 9 9 5 5 5 5
 8 2 2 2 3 2 2 9 9 9 9 5 0 0 5
 8 8 3 3 3 2 9 9 9 9 8 5 0 0 5
 8 3 3 3 3 9 9 9 9 8 8 5 0 0 0
 9 3 3 3 9 9 9 9 8 8 8 1 0 0 0
 9 9 3 9 9 9 9 2 8 8 0 0 0 0 0
 9 9 9 9 9 9 9 9 8 8 0 0 0 0 0
 9 9 9 9 9 9 9 9 9 8 0 0 0 0 5
 9 9 9 9 9 9 9 9 9 9 0 5 5 5 0
 9 9 9 9 9 9 9 9 9 9 9 5 5 5 9
 9 9 9 9 9 9 9 9 9 9 9 9 5 9 9
 9 9 9 9 9 9 9 9 9 9 9 9 9 9 9
 9 9 9 9 9 9 9 9 9 9 9 9 9 9 9
# Turn information for samurai of side 1 with weapon 1
# <turn>
146
# <cure period>
8
# Samurai states: <position x> <position y> <hiding>
12 6 1
14 0 0
2 3 0
-1 -1 1
-1 -1 1
10 1 0
# Battle field states
 8 2 2 2 2 9 9 9 9 5 5 5 5 5 5
 8 2 2 2 3 3 9 9 9 9 5 5 5 5 5
 8 2 2 2 3 3 2 9 9 9 9 5 5 5 5
 8 2 2 2 3 3 2 8 9 9 8 5 0 0 5
 8 2 2 2 3 3 2 9 9 8 8 5 0 0 5
 8 3 3 3 3 3 9 9 8 8 8 5 0 0 0
 3 3 3 3 3 9 9 8 0 0 0 0 0 0 0
 9 3 3 3 9 9 9 9 8 8 0 0 0 0 0
 9 9 3 9 9 9 9 9 9 8 0 0 0 0 0
 9 9 9 9 9 9 9 9 9 9 0 0 0 0 5
 9 9 9 9 9 9 9 9 9 9 9 5 5 5 9
 9 9 9 9 9 9 9 9 9 9 9 9 5 9 9
 9 9 9 9 9 9 9 9 9 9 9 9 9 9 9
 9 9 9 9 9 9 9 9 9 9 9 9 9 9 9
 9 9 9 9 9 9 9 9 9 9 9 9 9 9 9
# Turn information for samurai of side 1 with weapon 1
# <turn>
153
# <cure period>
1
# Samurai states: <position x> <position y> <hiding>
12 5 0
14 0 0
2 4 1
6 5 0
-1 -1 1
-1 -1 1
# Battle field states
 9 2 2 2 9 9 9 9 9 5 5 5 5 5 5
 8 2 2 2 3 9 9 9 9 9 5 5 5 5 5
 8 2 2 2 3 3 9 9 9 9 5 5 5 5 5
 8 2 2 2 3 3 3 9 9 8 8 5 0 0 5
 8 2 2 2 3 3 3 8 8 8 8 5 0 0 5
 8 2 2 2 3 3 3 3 0 0 0 0 0 0 0
 3 3 3 3 3 3 9 9 0 0 0 0 0 0 0
 3 3 3 3 3 9 9 9 9 8 0 0 0 0 0
 9 3 3 3 9 9 9 9 9 9 0 0 0 0 0
 9 9 3 9 9 9 9 9 9 9 9 0 0 0 9
 9 9 9 9 9 9 9 9 9 9 9 9 5 9 9
 9 9 9 9 9 9 9 9 9 9 9 9 9 9 9
 9 9 9 9 9 9 9 9 9 9 9 9 9 9 9
 9 9 9 9 9 9 9 9 9 9 9 9 9 9 9
 9 9 9 9 9 9 9 9 9 9 9 9 9 9 9
# Turn information for samurai of side 1 with weapon 1
# <turn>
158
# <cure period>
0
# Samurai states: <position x> <position y> <hiding>
12 4 1
14 0 0
2 5 0
-1 -1 1
-1 -1 1
9 2 0
# Battle field states
 9 9 2 9 9 9 9 9 9 5 5 5 5 5 5
 9 2 2 2 9 9 9 9 9 9 5 5 5 5 5
 8 2 2 2 3 9 9 9 9 5 5 5 5 5 5
 8 2 2 2 3 3 9 9 5 5 5 5 0 0 5
 8 2 2 2 3 3 3 8 0 0 0 0 0 0 5
 8 2 2 2 3 3 3 3 0 0 0 0 0 0 0
 3 2 2 2 3 3 3 9 9 3 3 0 0 0 0
 3 3 3 3 3 3 9 9 9 9 0 0 0 0 0
 3 3 3 3 3 9 9 9 9 9 9 0 0 0 9
 9 3 3 3 9 9 9 9 9 9 9 9 0 9 9
 9 9 3 9 9 9 9 9 9 9 9 9 9 9 9
 9 9 9 9 9 9 9 9 9 9 9 9 9 9 9
 9 9 9 9 9 9 9 9 9 9 9 9 9 9 9
 9 9 9 9 9 9 9 9 9 9 9 9 9 9 9
 9 9 9 9 9 9 9 9 9 9 9 9 9 9 9
# Turn information for samurai of side 1 with weapon 1
# <turn>
165
# <cure period>
0
# Samurai states: <position x> <position y> <hiding>
12 3 0
14 0 0
2 6 1
6 7 0
-1 -1 1
-1 -1 1
# Battle field states
 9 9 9 9 9 9 9 9 9 5 5 5 1 1 5
 9 9 2 9 9 9 9 9 9 5 5 5 5 1 1
 9 2 2 2 9 9 9 9 5 5 5 5 5 5 1
 8 2 2 2 3 9 9 8 0 0 0 0 0 0 5
 8 2 2 2 3 3 9 9 5 5 5 0 0 0 5
 8 2 2 2 3 3 3 9 9 0 0 0 0 0 0
 3 2 2 2 3 3 3 3 9 9 3 0 0 0 0
 3 2 2 2 3 3 3 9 9 9 9 0 0 0 9
 3 3 3 3 3 3 9 9 9 9 9 9 0 9 9
 3 3 3 3 3 9 9 9 9 9 9 9 9 9 9
 9 3 3 4 9 9 9 9 9 9 9 9 9 9 9
 9 9 4 9 9 9 9 9 9 9 9 9 9 9 9
 9 9 9 9 9 9 9 9 9 9 9 9 9 9 9
 9 9 9 9 9 9 9 9 9 9 9 9 9 9 9
 9 9 9 9 9 9 9 9 9 9 9 9 9 9 9
# Turn information for samurai of side 1 with weapon 1
# <turn>
170
# <cure period>
0
# Samurai states: <position x> <position y> <hiding>
12 2 0
14 1 1
2 7 0
-1 -1 1
-1 -1 1
-1 -1 1
# Battle field states
 9 9 9 9 9 9 9 9 9 5 5 5 1 1 5
 9 9 9 9 9 9 9 9 5 5 5 5 1 1 1
 9 9 2 9 9 9 9 8 0 0 0 0 5 1 1
 9 2 2 2 9 9 9 9 0 0 0 0 0 0 1
 8 2 2 2 3 9 9 9 9 5 5 0 0 0 5
 8 2 2 2 3 3 9 9 9 9 0 0 0 0 0
 3 2 2 2 3 3 3 9 9 9 9 0 0 0 0
 3 2 2 2 3 3 3 3 9 9 9 9 0 9 9
 3 2 2 2 3 3 3 9 9 9 9 9 9 9 9
 3 3 3 3 3 3 9 9 9 9 9 9 9 9 9
 3 3 3 4 4 9 9 9 9 9 9 9 9 9 9
 9 4 4 4 9 9 9 9 9 9 9 9 9 9 9
 9 9 4 9 9 9 9 9 9 9 9 9 9 9 9
 9 9 9 9 9 9 9 9 9 9 9 9 9 9 9
 9 9 9 9 9 9 9 9 9 9 9 9 9 9 9
# Turn information for samurai of side 1 with weapon 1
# <turn>
177
# <cure period>
0
# Samurai states: <position x> <position y> <hiding>
12 1 1
14 2 0
5 0 0
-1 -1 1
-1 -1 1
-1 -1 1
# Battle field states
 8 2 2 2 2 2 2 8 5 5 5 5 1 1 5
 9 2 2 2 3 3 3 8 0 0 0 0 1 1 1
 9 9 2 2 3 3 3 8 0 0 0 0 1 1 1
 9 9 9 2 3 3 3 8 9 0 0 0 0 1 1
 9 9 9 9 3 3 3 9 9 9 5 0 0 0 1
 9 9 9 9 9 3 9 9 9 9 9 0 0 0 0
 9 9 9 9 9 9 9 9 9 9 9 9 0 0 0
 9 9 9 9 9 9 9 9 9 9 9 9 9 9 0
 9 9 9 9 9 9 9 9 9 9 9 9 9 9 9
 9 9 9 9 9 9 9 9 9 9 9 9 9 9 9
 9 9 9 9 9 9 9 9 9 9 9 9 9 9 9
 9 9 9 9 9 9 9 9 9 9 9 9 9 9 9
 9 9 9 9 9 9 9 9 9 9 9 9 9 9 9
 9 9 9 9 9 9 9 9 9 9 9 9 9 9 9
 9 9 9 9 9 9 9 9 9 9 9 9 9 9 9
# Turn information for samurai of side 1 with weapon 1
# <turn>
182
# <cure period>
0
# Samurai states: <position x> <position y> <hiding>
12 0 0
14 3 1
5 0 0
-1 -1 1
-1 -1 1
-1 -1 1
# Battle field states
 8 2 2 2 2 2 2 8 0 0 0 0 1 1 5
 9 2 2 2 3 3 3 8 0 0 0 0 1 1 1
 9 9 2 2 3 3 3 8 0 0 0 0 1 1 1
 9 9 9 2 3 3 3 8 9 0 0 0 1 1 1
 9 9 9 9 3 3 3 9 9 9 5 0 0 1 1
 9 9 9 9 9 3 9 9 9 9 9 0 0 0 1
 9 9 9 9 9 9 9 9 9 9 9 9 0 0 0
 9 9 9 9 9 9 9 9 9 9 9 9 9 0 0
 9 9 9 9 9 9 9 9 9 9 9 9 9 9 0
 9 9 9 9 9 9 9 9 9 9 9 9 9 9 9
 9 9 9 9 9 9 9 9 9 9 9 9 9 9 9
 9 9 9 9 9 9 9 9 9 9 9 9 9 9 9
 9 9 9 9 9 9 9 9 9 9 9 9 9 9 9
 9 9 9 9 9 9 9 9 9 9 9 9 9 9 9
 9 9 9 9 9 9 9 9 9 9 9 9 9 9 9
# Turn information for samurai of side 1 with weapon 1
# <turn>
189
# <cure period>
0
# Samurai states: <position x> <position y> <hiding>
12 1 1
14 4 0
5 0 0
-1 -1 1
-1 -1 1
-1 -1 1
# Battle field states
 8 2 2 2 2 2 2 8 0 0 0 0 1 1 5
 9 2 2 2 3 3 3 8 0 0 0 0 0 1 1
 9 9 2 2 3 3 3 8 0 0 0 0 0 1 1
 9 9 9 2 3 3 3 8 9 0 0 0 0 1 1
 9 9 9 9 3 3 3 9 9 5 5 0 0 1 1
 9 9 9 9 9 3 9 9 9 9 0 0 0 1 1
 9 9 9 9 9 9 9 9 9 9 9 4 0 0 1
 9 9 9 9 9 9 9 9 9 9 9 9 4 0 0
 9 9 9 9 9 9 9 9 9 9 9 9 9 4 0
 9 9 9 9 9 9 9 9 9 9 9 9 9 9 5
 9 9 9 9 9 9 9 9 9 9 9 9 9 9 9
 9 9 9 9 9 9 9 9 9 9 9 9 9 9 9
 9 9 9 9 9 9 9 9 9 9 9 9 9 9 9
 9 9 9 9 9 9 9 9 9 9 9 9 9 9 9
 9 9 9 9 9 9 9 9 9 9 9 9 9 9 9
# Turn information for samurai of side 1 with weapon 1
# <turn>
194
# <cure period>
0
# Samurai states: <position x> <position y> <hiding>
13 1 0
13 4 1
5 0 0
-1 -1 1
-1 -1 1
-1 -1 1
# Battle field states
 8 2 2 2 2 2 2 8 0 0 0 0 1 1 5
 9 2 2 2 3 3 3 8 0 0 0 0 0 1 1
 9 9 2 2 3 3 3 8 0 0 0 0 0 0 1
 9 9 9 2 3 3 3 8 9 0 0 0 0 0 1
 9 9 9 9 3 3 3 9 5 5 5 1 1 0 1
 9 9 9 9 9 3 9 9 9 0 0 0 1 0 1
 9 9 9 9 9 9 9 9 9 9 3 4 0 1 1
 9 9 9 9 9 9 9 9 9 9 9 4 4 0 0
 9 9 9 9 9 9 9 9 9 9 9 9 4 4 0
 9 9 9 9 9 9 9 9 9 9 9 9 9 4 9
 9 9 9 9 9 9 9 9 9 9 9 9 9 9 9
 9 9 9 9 9 9 9 9 9 9 9 9 9 9 9
 9 9 9 9 9 9 9 9 9 9 9 9 9 9 9
 9 9 9 9 9 9 9 9 9 9 9 9 9 9 9
 9 9 9 9 9 9 9 9 9 9 9 9 9 9 9
# Turn information for samurai of side 1 with weapon 1
# <turn>
201
# <cure period>
0
# Samurai states: <position x> <position y> <hiding>
14 1 1
12 4 0
5 0 0
-1 -1 1
-1 -1 1
-1 -1 1
# Battle field states
 8 2 2 2 2 2 2 8 0 0 0 0 1 1 5
 9 2 2 2 3 3 3 8 0 0 0 0 0 1 1
 9 9 2 2 3 3 3 8 0 0 0 0 1 0 0
 9 9 9 2 3 3 3 8 0 0 0 1 1 0 0
 9 9 9 9 3 3 3 8 5 5 1 1 1 0 0
 9 9 9 9 9 3 9 9 0 0 0 0 4 0 0
 9 9 9 9 9 9 9 9 9 3 3 4 4 4 1
 9 9 9 9 9 9 9 9 9 9 4 4 4 4 4
 9 9 9 9 9 9 9 9 9 9 9 4 4 4 9
 9 9 9 9 9 9 9 9 9 9 9 9 4 9 9
 9 9 9 9 9 9 9 9 9 9 9 9 9 9 9
 9 9 9 9 9 9 9 9 9 9 9 9 9 9 9
 9 9 9 9 9 9 9 9 9 9 9 9 9 9 9
 9 9 9 9 9 9 9 9 9 9 9 9 9 9 9
 9 9 9 9 9 9 9 9 9 9 9 9 9 9 9
# Turn information for samurai of side 1 with weapon 1
# <turn>
206
# <cure period>
0
# Samurai states: <position x> <position y> <hiding>
14 2 0
13 4 1
5 0 0
-1 -1 1
-1 -1 1
-1 -1 1
# Battle field states
 8 2 2 2 2 2 2 8 0 0 0 0 1 1 5
 9 2 2 2 3 3 3 8 0 0 0 0 0 1 1
 9 9 2 2 3 3 3 8 0 0 0 0 1 0 0
 9 9 9 2 3 3 3 8 9 0 0 1 1 0 0
 9 9 9 9 3 3 3 9 5 5 1 1 1 1 0
 9 9 9 9 9 3 9 9 9 0 0 0 1 1 0
 9 9 9 9 9 9 9 9 9 9 3 4 1 4 0
 9 9 9 9 9 9 9 9 9 9 9 4 4 4 4
 9 9 9 9 9 9 9 9 9 9 9 9 4 4 4
 9 9 9 9 9 9 9 9 9 9 9 9 9 4 9
 9 9 9 9 9 9 9 9 9 9 9 9 9 9 9
 9 9 9 9 9 9 9 9 9 9 9 9 9 9 9
 9 9 9 9 9 9 9 9 9 9 9 9 9 9 9
 9 9 9 9 9 9 9 9 9 9 9 9 9 9 9
 9 9 9 9 9 9 9 9 9 9 9 9 9 9 9
# Turn information for samurai of side 1 with weapon 1
# <turn>
213
# <cure period>
24
# Samurai states: <position x> <position y> <hiding>
14 3 1
14 0 0
5 1 0
-1 -1 1
-1 -1 1
-1 -1 1
# Battle field states
 9 2 2 2 2 2 2 8 0 0 0 0 1 1 5
 8 2 2 2 2 3 2 8 0 0 0 0 0 1 1
 9 2 2 2 2 2 2 8 0 0 0 0 1 0 0
 9 9 2 2 3 3 3 8 0 0 0 1 4 0 0
 9 9 9 2 3 3 3 8 9 9 1 4 4 1 0
 9 9 9 9 3 3 3 9 9 9 9 4 4 4 0
 9 9 9 9 9 3 9 9 9 9 9 9 1 4 0
 9 9 9 9 9 9 9 9 9 9 9 9 9 1 0
 9 9 9 9 9 9 9 9 9 9 9 9 9 9 4
 9 9 9 9 9 9 9 9 9 9 9 9 9 9 9
 9 9 9 9 9 9 9 9 9 9 9 9 9 9 9
 9 9 9 9 9 9 9 9 9 9 9 9 9 9 9
 9 9 9 9 9 9 9 9 9 9 9 9 9 9 9
 9 9 9 9 9 9 9 9 9 9 9 9 9 9 9
 9 9 9 9 9 9 9 9 9 9 9 9 9 9 9
# Turn information for samurai of side 1 with weapon 1
# <turn>
218
# <cure period>
19
# Samurai states: <position x> <position y> <hiding>
14 4 0
14 0 0
5 2 1
-1 -1 1
-1 -1 1
-1 -1 1
# Battle field states
 9 9 2 2 2 2 2 8 0 0 0 0 1 1 5
 9 2 2 2 2 2 2 8 0 0 0 0 0 1 1
 8 2 2 2 2 2 2 8 0 0 0 0 1 0 0
 9 2 2 2 2 2 2 8 0 0 0 1 4 0 0
 9 9 2 2 3 3 3 8 5 5 0 0 0 0 0
 9 9 9 2 3 3 3 3 9 9 4 4 4 4 0
 9 9 9 9 3 3 3 9 9 9 9 4 1 4 0
 9 9 9 9 9 3 9 9 9 9 9 9 4 1 0
 9 9 9 9 9 9 9 9 9 9 9 9 9 4 4
 9 9 9 9 9 9 9 9 9 9 9 9 9 9 5
 9 9 9 9 9 9 9 9 9 9 9 9 9 9 9
 9 9 9 9 9 9 9 9 9 9 9 9 9 9 9
 9 9 9 9 9 9 9 9 9 9 9 9 9 9 9
 9 9 9 9 9 9 9 9 9 9 9 9 9 9 9
 9 9 9 9 9 9 9 9 9 9 9 9 9 9 9
# Turn information for samurai of side 1 with weapon 1
# <turn>
225
# <cure period>
12
# Samurai states: <position x> <position y> <hiding>
14 9 0
14 0 0
5 3 0
-1 -1 1
-1 -1 1
-1 -1 1
# Battle field states
 9 9 9 2 2 2 2 8 9 0 0 0 1 1 5
 9 9 2 2 2 2 2 8 0 9 0 0 0 1 1
 9 2 2 2 2 2 2 8 0 0 9 0 1 0 0
 8 2 2 2 2 2 2 8 0 0 0 9 4 4 0
 9 2 2 2 2 2 2 8 5 5 9 9 9 4 4
 9 9 2 2 3 3 3 3 0 9 9 9 9 4 4
 9 9 9 2 3 3 3 3 9 9 9 9 1 4 4
 9 9 9 9 3 3 3 9 9 9 9 4 4 4 4
 9 9 9 9 9 3 9 9 9 9 4 4 4 4 4
 9 9 9 9 9 9 9 9 9 4 4 4 4 4 5
 9 9 9 9 9 9 9 9 9 9 5 4 5 5 0
 9 9 9 9 9 9 9 9 9 9 9 4 5 5 0
 9 9 9 9 9 9 9 9 9 9 9 9 5 5 0
 9 9 9 9 9 9 9 9 9 9 9 9 9 5 0
 9 9 9 9 9 9 9 9 9 9 9 9 9 9 5
# Turn information for samurai of side 1 with weapon 1
# <turn>
230
# <cure period>
7
# Samurai states: <position x> <position y> <hiding>
14 9 0
14 0 0
5 4 1
-1 -1 1
-1 -1 1
-1 -1 1
# Battle field states
 9 9 9 9 2 2 2 9 9 0 0 0 1 1 5
 9 9 9 2 2 2 2 8 9 9 0 0 0 1 1
 9 9 2 2 2 2 2 8 0 9 9 0 1 0 0
 9 2 2 2 2 2 2 8 0 0 9 9 4 4 0
 8 2 2 2 2 2 2 8 5 5 0 9 9 4 4
 9 2 2 2 2 2 2 3 0 0 9 9 9 4 4
 9 9 2 2 3 3 3 3 3 9 9 9 1 4 4
 9 9 9 2 3 3 3 3 9 9 9 4 4 4 4
 9 9 9 9 3 3 3 9 9 9 4 4 4 4 4
 9 9 9 9 9 3 9 9 9 4 4 4 4 4 5
 9 9 9 9 9 9 9 9 9 9 5 5 5 5 0
 9 9 9 9 9 9 9 9 9 9 9 5 5 5 0
 9 9 9 9 9 9 9 9 9 9 9 9 5 5 0
 9 9 9 9 9 9 9 9 9 9 9 9 9 5 0
 9 9 9 9 9 9 9 9 9 9 9 9 9 9 5
# Turn information for samurai of side 1 with weapon 1
# <turn>
237
# <cure period>
0
# Samurai states: <position x> <position y> <hiding>
14 9 0
14 0 0
5 5 0
-1 -1 1
-1 -1 1
-1 -1 1
# Battle field states
 9 9 9 9 9 2 9 9 9 0 0 0 1 1 5
 9 9 9 9 2 2 2 9 9 9 0 0 0 1 1
 9 9 9 2 2 2 2 8 9 9 9 0 1 0 0
 9 9 2 2 2 2 2 8 0 9 9 9 4 4 0
 9 2 2 2 2 2 2 8 5 5 9 9 9 4 4
 8 2 2 2 2 2 2 3 0 0 4 9 9 4 4
 9 2 2 2 2 2 2 3 3 3 9 9 4 4 4
 9 9 2 2 3 3 3 3 3 9 9 4 4 4 4
 9 9 9 3 3 3 3 3 9 9 4 4 4 4 4
 9 9 9 9 3 3 3 9 9 5 5 5 4 4 5
 9 9 9 9 9 3 9 9 9 9 5 5 5 5 0
 9 9 9 9 9 9 9 9 9 9 9 5 5 5 0
 9 9 9 9 9 9 9 9 9 9 9 9 5 5 0
 9 9 9 9 9 9 9 9 9 9 9 9 9 5 0
 9 9 9 9 9 9 9 9 9 9 9 9 9 9 5
# Turn information for samurai of side 1 with weapon 1
# <turn>
242
# <cure period>
0
# Samurai states: <position x> <position y> <hiding>
14 9 0
14 1 1
5 6 1
-1 -1 1
-1 -1 1
10 9 0
# Battle field states
 9 9 9 9 9 9 9 9 9 9 0 0 1 1 5
 9 9 9 9 9 2 9 9 9 0 0 0 1 1 1
 9 9 9 9 2 2 2 9 9 9 0 0 1 1 1
 9 9 9 2 2 2 2 8 9 9 9 1 4 4 1
 9 9 2 2 2 2 2 8 5 9 9 9 4 4 4
 9 2 2 2 2 2 2 3 0 0 9 9 9 4 4
 3 2 2 2 2 2 2 3 3 3 4 9 4 4 4
 9 2 2 2 2 2 2 3 3 4 9 4 4 4 4
 9 9 3 3 3 3 3 3 4 9 5 5 4 4 4
 9 9 9 3 3 3 3 4 9 5 5 5 4 4 5
 9 9 9 9 4 3 3 9 9 9 5 5 5 5 0
 9 9 9 9 9 3 9 9 9 9 9 5 5 5 0
 9 9 9 9 9 9 9 9 9 9 9 9 5 5 0
 9 9 9 9 9 9 9 9 9 9 9 9 9 5 0
 9 9 9 9 9 9 9 9 9 9 9 9 9 9 5
# Turn information for samurai of side 1 with weapon 1
# <turn>
249
# <cure period>
0
# Samurai states: <position x> <position y> <hiding>
14 9 0
14 2 0
5 7 0
-1 -1 1
-1 -1 1
-1 -1 1
# Battle field states
 9 9 9 9 9 9 9 9 9 9 9 0 1 1 5
 9 9 9 9 9 9 9 9 9 9 0 0 1 1 1
 9 9 9 9 9 2 9 9 9 0 0 4 1 1 1
 9 9 9 9 2 2 2 9 9 9 4 4 4 1 1
 9 9 9 2 2 2 2 8 9 9 9 4 4 4 1
 9 9 2 2 2 2 2 3 0 9 9 9 4 4 4
 9 2 2 2 2 2 2 3 3 3 9 9 4 4 4
 3 2 2 2 2 2 2 3 3 4 4 4 4 4 4
 9 3 3 3 2 2 2 3 4 5 5 5 5 4 4
 9 9 3 3 3 3 3 4 4 5 5 5 5 4 5
 9 9 9 4 3 3 3 5 9 9 5 5 5 5 0
 9 9 9 9 3 3 3 9 9 9 9 5 5 5 0
 9 9 9 9 9 3 9 9 9 9 9 9 5 5 0
 9 9 9 9 9 9 9 9 9 9 9 9 9 5 0
 9 9 9 9 9 9 9 9 9 9 9 9 9 9 5
# Turn information for samurai of side 1 with weapon 1
# <turn>
254
# <cure period>
0
# Samurai states: <position x> <position y> <hiding>
14 10 1
14 3 1
5 8 1
-1 -1 1
-1 -1 1
-1 -1 1
# Battle field states
 9 9 9 9 9 9 9 9 9 9 9 9 1 1 5
 9 9 9 9 9 9 9 9 9 9 9 0 1 1 1
 9 9 9 9 9 9 9 9 9 9 0 4 1 1 1
 9 9 9 9 9 2 9 9 9 0 4 4 1 1 1
 9 9 9 9 2 2 2 9 9 9 4 4 4 1 1
 9 9 9 2 2 2 2 3 9 9 9 4 4 4 1
 9 9 2 2 2 2 2 3 3 9 9 9 4 4 4
 9 2 2 2 2 2 2 3 3 4 9 9 4 4 4
 3 3 3 3 2 2 2 3 4 5 5 5 5 5 4
 9 3 3 3 3 2 2 4 4 5 0 0 0 0 5
 9 9 3 4 3 3 3 5 5 5 5 5 5 5 0
 9 9 9 3 3 3 3 5 9 9 5 5 5 5 0
 9 9 9 9 3 3 3 9 9 9 9 5 5 5 0
 9 9 9 9 9 3 9 9 9 9 9 9 5 5 0
 9 9 9 9 9 9 9 9 9 9 9 9 9 5 5
# Turn information for samurai of side 1 with weapon 1
# <turn>
261
# <cure period>
24
# Samurai states: <position x> <position y> <hiding>
14 10 1
14 0 0
5 9 0
-1 -1 1
-1 -1 1
-1 -1 1
# Battle field states
 9 9 9 9 9 9 9 9 9 0 0 0 1 1 5
 9 9 9 9 9 9 9 9 9 9 0 0 1 1 1
 9 9 9 9 9 9 9 9 9 9 9 4 4 1 1
 9 9 9 9 9 9 9 9 9 9 9 9 4 4 1
 9 9 9 9 9 2 9 9 9 9 9 9 9 4 4
 9 9 9 9 2 2 2 9 9 9 9 9 9 9 4
 9 9 9 2 2 2 2 3 9 9 9 9 9 4 1
 9 9 2 2 2 2 2 3 3 9 9 9 4 4 4
 9 3 3 3 3 2 2 3 4 5 9 5 5 5 4
 3 3 3 3 3 2 2 4 4 5 0 0 0 0 5
 9 3 3 4 3 3 2 5 5 5 0 0 0 0 0
 9 9 3 3 3 3 3 5 5 9 5 5 5 5 0
 9 9 9 3 3 3 3 5 9 9 9 5 5 5 0
 9 9 9 9 3 3 3 9 9 9 9 9 5 5 0
 9 9 9 9 9 3 9 9 9 9 9 9 9 5 5
# Turn information for samurai of side 1 with weapon 1
# <turn>
266
# <cure period>
19
# Samurai states: <position x> <position y> <hiding>
14 11 0
14 0 0
4 9 0
5 12 0
-1 -1 1
-1 -1 1
# Battle field states
 9 9 9 9 9 9 9 9 9 0 0 0 1 1 5
 9 9 9 9 9 9 9 9 9 9 0 0 1 1 1
 9 9 9 9 9 9 9 9 9 9 9 4 4 1 1
 9 9 9 9 9 9 9 9 9 9 9 9 4 4 1
 9 9 9 9 2 9 9 9 9 9 9 9 9 4 4
 9 9 9 2 2 2 9 9 9 9 9 9 9 9 4
 9 9 2 2 2 2 2 9 9 9 9 9 9 9 1
 9 2 2 2 2 2 2 3 9 9 9 9 9 4 4
 3 3 3 2 2 3 2 3 4 9 9 9 5 5 4
 3 3 3 3 3 3 2 4 4 5 9 0 0 0 5
 3 3 3 2 2 3 2 5 5 9 0 0 0 0 0
 9 3 3 3 3 3 3 5 9 5 0 0 0 0 0
 9 9 3 3 3 3 3 9 9 9 5 5 5 5 0
 9 9 9 3 3 3 9 9 9 9 9 5 5 5 0
 9 9 9 9 3 9 9 9 9 9 9 9 5 5 5
# Turn information for samurai of side 1 with weapon 1
# <turn>
273
# <cure period>
12
# Samurai states: <position x> <position y> <hiding>
14 12 1
14 0 0
5 0 0
-1 -1 1
-1 -1 1
-1 -1 1
# Battle field states
 8 2 2 2 2 2 2 8 0 0 0 0 1 1 5
 9 2 2 2 2 2 2 8 0 0 0 0 1 1 1
 9 9 2 2 2 2 2 8 0 9 9 4 4 1 1
 9 9 9 2 2 2 2 8 9 9 9 9 4 4 1
 9 9 9 9 2 2 2 9 9 9 9 9 9 4 4
 9 9 9 9 9 2 9 9 9 9 9 9 9 9 4
 9 9 9 9 9 9 9 9 9 9 9 9 9 9 9
 9 9 9 9 9 9 9 9 9 9 9 9 9 9 4
 9 9 9 9 9 9 9 9 9 9 9 9 9 4 4
 9 9 9 9 9 9 9 9 9 9 9 9 4 0 5
 9 9 9 9 9 9 9 9 9 9 9 0 0 0 0
 9 9 9 9 9 9 9 9 9 9 0 0 0 0 0
 9 9 9 9 9 9 9 9 9 5 0 0 0 0 0
 9 9 9 9 9 9 9 9 9 9 5 5 5 5 0
 9 9 9 9 9 9 9 9 9 9 9 5 5 5 5
# Turn information for samurai of side 1 with weapon 1
# <turn>
278
# <cure period>
7
# Samurai states: <position x> <position y> <hiding>
14 13 0
14 0 0
5 0 0
-1 -1 1
-1 -1 1
-1 -1 1
# Battle field states
 8 2 2 2 2 2 2 8 0 0 0 0 1 1 5
 9 2 2 2 2 2 2 8 0 0 0 0 1 1 1
 9 9 2 2 2 2 2 8 0 9 9 4 4 1 1
 9 9 9 2 2 2 2 8 9 9 9 9 4 4 1
 9 9 9 9 2 2 2 9 9 9 9 9 9 4 4
 9 9 9 9 9 2 9 9 9 9 9 9 9 9 4
 9 9 9 9 9 9 9 9 9 9 9 9 9 9 9
 9 9 9 9 9 9 9 9 9 9 9 9 9 9 9
 9 9 9 9 9 9 9 9 9 9 9 9 9 9 4
 9 9 9 9 9 9 9 9 9 9 9 9 9 0 5
 9 9 9 9 9 9 9 9 9 9 9 9 0 0 0
 9 9 9 9 9 9 9 9 9 9 9 0 0 0 0
 9 9 9 9 9 9 9 9 9 9 0 0 0 0 0
 9 9 9 9 9 9 9 9 9 3 0 0 0 0 0
 9 9 9 9 9 9 9 9 9 9 5 5 5 5 5
# Turn information for samurai of side 1 with weapon 1
# <turn>
285
# <cure period>
0
# Samurai states: <position x> <position y> <hiding>
14 14 0
14 0 0
5 0 0
-1 -1 1
-1 -1 1
9 14 0
# Battle field states
 8 2 2 2 2 2 2 8 0 0 0 0 1 1 5
 9 2 2 2 2 2 2 8 0 0 0 0 1 1 1
 9 9 2 2 2 2 2 8 0 9 9 4 4 1 1
 9 9 9 2 2 2 2 8 9 9 9 9 4 4 1
 9 9 9 9 2 2 2 9 9 9 9 9 9 4 4
 9 9 9 9 9 2 9 9 9 9 9 9 9 9 4
 9 9 9 9 9 9 9 9 9 9 9 9 9 9 9
 9 9 9 9 9 9 9 9 9 9 9 9 9 9 9
 9 9 9 9 9 9 9 9 9 9 9 9 9 9 9
 9 9 9 9 9 9 9 9 9 9 9 9 9 9 4
 9 9 9 9 9 9 9 9 9 9 9 9 9 4 0
 9 9 9 9 9 9 9 9 9 9 9 9 4 0 0
 9 9 9 9 9 9 9 9 9 9 9 0 0 0 0
 9 9 9 9 9 9 9 9 9 9 0 0 0 0 0
 9 9 9 9 9 9 9 9 9 5 0 0 0 0 5
# Turn information for samurai of side 1 with weapon 1
# <turn>
290
# <cure period>
0
# Samurai states: <position x> <position y> <hiding>
14 13 1
13 0 1
5 0 0
-1 -1 1
-1 -1 1
-1 -1 1
# Battle field states
 8 2 2 2 2 2 2 8 0 0 0 1 1 1 5
 9 2 2 2 2 2 2 8 0 0 0 0 1 1 1
 9 9 2 2 2 2 2 8 0 9 0 4 4 1 1
 9 9 9 2 2 2 2 8 9 9 9 4 4 4 1
 9 9 9 9 2 2 2 9 9 9 9 9 4 4 4
 9 9 9 9 9 2 9 9 9 9 9 9 9 4 9
 9 9 9 9 9 9 9 9 9 9 9 9 9 9 9
 9 9 9 9 9 9 9 9 9 9 9 9 9 9 9
 9 9 9 9 9 9 9 9 9 9 9 9 9 9 4
 9 9 9 9 9 9 9 9 9 9 9 9 9 4 4
 9 9 9 9 9 9 9 9 9 9 9 9 4 4 0
 9 9 9 9 9 9 9 9 9 9 9 0 4 0 0
 9 9 9 9 9 9 9 9 9 9 5 0 0 0 0
 9 9 9 9 9 9 9 9 9 3 5 0 0 0 0
 9 9 9 9 9 9 9 9 9 9 0 0 0 0 5
# Turn information for samurai of side 1 with weapon 1
# <turn>
297
# <cure period>
0
# Samurai states: <position x> <position y> <hiding>
13 13 0
13 1 0
5 0 0
-1 -1 1
-1 -1 1
9 14 0
# Battle field states
 8 2 2 2 2 2 2 8 0 0 0 1 1 1 5
 9 2 2 2 2 2 2 8 0 0 0 1 1 1 1
 9 9 2 2 2 2 2 8 0 0 0 4 1 1 1
 9 9 9 2 2 2 2 8 9 9 4 4 4 1 1
 9 9 9 9 2 2 2 9 9 9 9 4 4 4 4
 9 9 9 9 9 2 9 9 9 9 9 9 4 4 4
 9 9 9 9 9 9 9 9 9 9 9 9 9 4 9
 9 9 9 9 9 9 9 9 9 9 9 9 9 9 9
 9 9 9 9 9 9 9 9 9 9 9 9 9 4 9
 9 9 9 9 9 9 9 9 9 9 9 9 4 4 4
 9 9 9 9 9 9 9 9 9 9 9 4 4 4 0
 9 9 9 9 9 9 9 9 9 9 4 4 4 0 0
 9 9 9 9 9 9 9 9 9 5 5 4 0 0 0
 9 9 9 9 9 9 9 9 5 0 0 0 0 0 0
 9 9 9 9 9 9 9 9 9 5 5 5 0 0 5
# Turn information for samurai of side 1 with weapon 1
# <turn>
302
# <cure period>
0
# Samurai states: <position x> <position y> <hiding>
13 12 1
13 2 1
5 0 0
-1 -1 1
-1 -1 1
-1 -1 1
# Battle field states
 8 2 2 2 2 2 2 8 0 0 0 1 1 1 5
 9 2 2 2 2 2 2 8 0 0 0 1 1 1 1
 9 9 2 2 2 2 2 8 0 0 0 1 1 1 1
 9 9 9 2 2 2 2 8 9 0 4 4 1 1 1
 9 9 9 9 2 2 2 9 9 9 4 4 4 1 4
 9 9 9 9 9 2 9 9 9 9 9 4 4 4 4
 9 9 9 9 9 9 9 9 9 9 9 9 4 4 4
 9 9 9 9 9 9 9 9 9 9 9 9 9 4 9
 9 9 9 9 9 9 9 9 9 9 9 9 4 0 4
 9 9 9 9 9 9 9 9 9 9 9 4 4 0 4
 9 9 9 9 9 9 9 9 9 9 4 4 4 0 0
 9 9 9 9 9 9 9 9 9 5 4 4 4 0 0
 9 9 9 9 9 9 9 9 5 5 5 4 0 0 0
 9 9 9 9 9 9 9 9 9 0 0 0 0 0 0
 9 9 9 9 9 9 9 9 9 9 5 5 0 0 5
# Turn information for samurai of side 1 with weapon 1
# <turn>
309
# <cure period>
0
# Samurai states: <position x> <position y> <hiding>
12 12 0
13 3 0
6 0 1
-1 -1 1
-1 -1 1
9 14 0
# Battle field states
 9 2 2 2 2 2 2 2 0 0 0 1 1 1 5
 9 9 2 2 2 2 2 2 0 0 0 1 1 1 1
 9 9 9 2 2 2 2 8 0 0 0 1 1 1 1
 9 9 9 9 2 2 2 8 0 0 4 1 1 1 1
 9 9 9 9 9 2 2 8 9 4 4 4 1 1 4
 9 9 9 9 9 9 2 9 9 9 4 4 4 1 4
 9 9 9 9 9 9 9 9 9 9 9 4 4 4 4
 9 9 9 9 9 9 9 9 9 9 9 9 4 4 4
 9 9 9 9 9 9 9 9 9 9 9 4 0 0 9
 9 9 9 9 9 9 9 9 9 9 4 4 0 0 4
 9 9 9 9 9 9 9 9 9 4 4 4 0 4 4
 9 9 9 9 9 9 9 9 5 5 4 4 0 4 0
 9 9 9 9 9 9 9 5 5 5 5 4 4 0 0
 9 9 9 9 9 9 9 9 5 0 0 0 0 0 0
 9 9 9 9 9 9 9 9 9 5 5 5 0 0 5
# Turn information for samurai of side 1 with weapon 1
# <turn>
314
# <cure period>
0
# Samurai states: <position x> <position y> <hiding>
12 13 1
13 4 1
6 1 0
-1 -1 1
-1 -1 1
9 14 0
# Battle field states
 9 9 2 2 2 2 2 2 0 0 0 9 1 1 5
 9 2 2 2 2 2 2 2 0 0 0 1 1 1 1
 9 9 2 2 2 2 2 2 0 0 0 1 1 1 1
 9 9 9 2 2 2 2 8 0 0 4 1 1 1 1
 9 9 9 9 2 2 2 8 5 4 4 4 1 1 1
 9 9 9 9 9 3 3 3 9 4 4 4 4 1 1
 9 9 9 9 9 9 3 9 9 9 4 4 4 1 4
 9 9 9 9 9 9 9 9 9 9 9 4 4 4 4
 9 9 9 9 9 9 9 9 9 9 9 9 0 0 4
 9 9 9 9 9 9 9 9 9 9 9 4 0 0 9
 9 9 9 9 9 9 9 9 9 9 4 4 0 4 4
 9 9 9 9 9 9 9 9 9 5 4 4 0 4 0
 9 9 9 9 9 9 9 9 0 0 0 0 4 0 0
 9 9 9 9 9 9 9 3 5 0 0 0 0 0 0
 9 9 9 9 9 9 9 9 5 5 5 5 0 0 5
# Turn information for samurai of side 1 with weapon 1
# <turn>
321
# <cure period>
0
# Samurai states: <position x> <position y> <hiding>
12 14 0
12 4 0
7 1 1
-1 -1 1
-1 -1 1
9 14 0
# Battle field states
 9 9 9 2 2 2 2 2 2 0 0 1 1 1 9
 9 9 2 2 2 2 2 2 2 0 0 1 1 1 1
 9 9 9 2 2 2 2 2 2 0 0 1 1 1 1
 9 9 9 9 2 2 2 8 0 0 4 1 1 1 1
 9 9 9 9 9 2 2 8 5 4 1 1 1 1 1
 9 9 9 9 9 9 3 3 0 4 4 1 1 1 1
 9 9 9 9 9 9 9 3 9 3 4 4 1 1 4
 9 9 9 9 9 9 9 9 9 9 4 4 4 4 4
 9 9 9 9 9 9 9 9 9 9 9 4 0 0 9
 9 9 9 9 9 9 9 9 9 9 9 9 0 9 9
 9 9 9 9 9 9 9 9 9 9 9 4 0 4 9
 9 9 9 9 9 9 9 9 9 9 4 4 0 4 0
 9 9 9 9 9 9 9 9 9 0 0 0 4 0 0
 9 9 9 9 9 9 9 9 5 0 0 0 0 0 0
 9 9 9 9 9 9 9 3 0 0 0 0 0 0 5
# Turn information for samurai of side 1 with weapon 1
# <turn>
326
# <cure period>
0
# Samurai states: <position x> <position y> <hiding>
13 14 1
12 5 1
7 2 0
-1 -1 1
-1 -1 1
9 14 0
# Battle field states
 9 9 9 9 2 2 2 2 2 0 0 9 1 9 9
 9 9 9 2 2 2 2 2 2 0 0 1 1 1 9
 9 9 2 2 2 2 2 2 2 0 0 1 1 1 1
 9 9 9 2 2 2 2 2 2 0 4 1 1 1 1
 9 9 9 9 2 2 2 8 5 4 1 1 1 1 1
 9 9 9 9 9 3 3 3 0 4 1 1 1 1 1
 9 9 9 9 9 9 3 3 3 3 4 1 1 1 4
 9 9 9 9 9 9 9 3 9 4 4 4 1 4 4
 9 9 9 9 9 9 9 9 9 9 4 4 0 0 4
 9 9 9 9 9 9 9 9 9 9 9 4 0 0 9
 9 9 9 9 9 9 9 9 9 9 9 9 0 0 4
 9 9 9 9 9 9 9 9 9 9 9 4 0 0 0
 9 9 9 9 9 9 9 9 9 9 0 0 4 0 0
 9 9 9 9 9 9 9 9 9 0 0 0 0 0 0
 9 9 9 9 9 9 9 9 0 0 0 0 0 0 5
# Turn information for samurai of side 1 with weapon 1
# <turn>
333
# <cure period>
0
# Samurai states: <position x> <position y> <hiding>
13 14 1
11 5 0
7 3 1
-1 -1 1
-1 -1 1
9 14 0
# Battle field states
 9 9 9 9 9 2 2 2 2 0 9 1 9 9 9
 9 9 9 9 2 2 2 2 2 0 0 1 1 9 9
 9 9 9 2 2 2 2 2 2 0 0 1 1 1 9
 9 9 2 2 2 2 2 2 2 0 4 1 1 1 1
 9 9 9 2 2 2 2 2 2 4 1 1 1 1 1
 9 9 9 9 3 3 3 3 0 1 1 1 1 1 1
 9 9 9 9 9 3 3 3 3 3 1 1 1 1 4
 9 9 9 9 9 9 3 3 3 4 4 1 1 4 4
 9 9 9 9 9 9 9 3 9 5 4 4 0 0 9
 9 9 9 9 9 9 9 9 9 9 4 4 0 0 9
 9 9 9 9 9 9 9 9 9 9 9 4 0 0 4
 9 9 9 9 9 9 9 9 9 9 9 4 0 0 0
 9 9 9 9 9 9 9 9 9 9 0 0 4 0 0
 9 9 9 9 9 9 9 9 9 3 0 0 0 0 0
 9 9 9 9 9 9 9 9 0 0 0 0 0 0 0
# Turn information for samurai of side 1 with weapon 1
# <turn>
338
# <cure period>
0
# Samurai states: <position x> <position y> <hiding>
14 14 0
11 6 1
7 4 0
10 9 0
-1 -1 1
9 14 0
# Battle field states
 9 9 9 9 9 9 2 2 2 9 9 9 9 9 9
 9 9 9 9 9 2 2 2 2 0 9 1 9 9 9
 9 9 9 9 2 2 2 2 2 0 0 1 1 9 9
 9 9 9 2 2 2 2 2 2 0 4 1 1 1 9
 9 9 2 2 2 2 2 2 2 4 1 1 1 1 1
 9 9 9 3 3 3 2 2 2 1 3 1 1 1 1
 9 9 9 9 3 3 3 3 3 1 3 1 1 1 4
 9 9 9 9 9 3 3 3 3 4 3 1 1 4 4
 9 9 9 9 9 9 3 3 4 5 3 1 0 0 4
 9 9 9 9 9 9 9 4 9 4 4 4 0 0 4
 9 9 9 9 9 9 9 9 9 9 4 4 0 0 0
 9 9 9 9 9 9 9 9 9 9 9 4 0 0 0
 9 9 9 9 9 9 9 9 9 9 9 0 4 0 0
 9 9 9 9 9 9 9 9 9 9 0 0 0 0 0
 9 9 9 9 9 9 9 9 9 0 0 0 0 0 0
# Turn information for samurai of side 1 with weapon 1
# <turn>
345
# <cure period>
28
# Samurai states: <position x> <position y> <hiding>
14 13 1
14 0 0
7 5 1
-1 -1 1
-1 -1 1
-1 -1 1
# Battle field states
 9 9 9 9 9 9 9 2 9 0 0 1 1 1 5
 9 9 9 9 9 9 2 2 2 9 0 1 1 1 1
 9 9 9 9 9 2 2 2 2 0 9 1 1 1 1
 9 9 9 9 2 2 2 2 2 0 4 9 1 1 1
 9 9 9 2 2 2 2 2 2 4 1 1 9 1 1
 9 9 2 3 3 3 2 2 2 1 3 3 1 9 1
 9 9 9 3 3 3 2 2 2 1 3 3 9 9 9
 9 9 9 9 3 3 3 3 3 1 1 9 9 9 9
 9 9 9 9 9 3 3 3 4 5 9 9 9 9 4
 9 9 9 9 9 9 3 4 4 9 9 9 9 0 4
 9 9 9 9 9 9 9 3 9 9 9 9 0 0 0
 9 9 9 9 9 9 9 9 9 9 9 4 0 0 0
 9 9 9 9 9 9 9 9 9 9 0 0 4 0 0
 9 9 9 9 9 9 9 9 9 3 0 0 0 0 0
 9 9 9 9 9 9 9 9 9 9 0 0 0 0 0
# Turn information for samurai of side 1 with weapon 1
# <turn>
350
# <cure period>
23
# Samurai states: <position x> <position y> <hiding>
14 12 0
14 0 0
7 6 0
12 9 0
-1 -1 1
-1 -1 1
# Battle field states
 9 9 9 9 9 9 9 9 9 0 0 1 1 1 5
 9 9 9 9 9 9 9 2 9 9 0 1 1 1 1
 9 9 9 9 9 9 2 2 2 9 9 1 1 1 1
 9 9 9 9 9 2 2 2 2 0 9 9 1 1 1
 9 9 9 9 2 2 2 2 2 4 1 9 9 1 1
 9 9 9 3 3 3 2 2 2 1 3 3 9 9 1
 9 9 2 3 3 3 2 2 2 1 3 3 3 9 9
 9 9 9 3 3 3 2 2 2 1 1 3 9 9 4
 9 9 9 9 3 3 3 3 4 5 1 9 9 0 0
 9 9 9 9 9 3 3 4 4 4 9 9 0 0 0
 9 9 9 9 9 9 3 3 3 9 9 4 0 0 0
 9 9 9 9 9 9 9 3 9 9 4 4 0 0 0
 9 9 9 9 9 9 9 9 9 3 0 0 4 0 0
 9 9 9 9 9 9 9 9 9 9 0 0 0 0 0
 9 9 9 9 9 9 9 9 9 9 9 0 0 0 0
# Turn information for samurai of side 1 with weapon 1
# <turn>
357
# <cure period>
16
# Samurai states: <position x> <position y> <hiding>
13 12 1
14 0 0
7 7 1
-1 -1 1
-1 -1 1
-1 -1 1
# Battle field states
 9 9 9 9 9 9 9 9 9 0 0 1 1 1 5
 9 9 9 9 9 9 9 9 9 9 0 1 1 1 1
 9 9 9 9 9 9 9 2 9 9 9 1 1 1 1
 9 9 9 9 9 9 2 2 2 9 9 9 1 1 1
 9 9 9 9 9 2 2 2 2 4 9 9 9 1 1
 9 9 9 9 3 3 2 2 2 1 3 9 9 9 1
 9 9 9 3 3 3 2 2 2 1 3 3 9 9 9
 9 9 2 3 3 3 2 2 2 1 1 3 3 4 9
 9 9 9 3 3 3 2 2 2 5 1 3 3 0 0
 9 9 9 9 3 3 3 4 4 4 4 1 0 0 0
 9 9 9 9 9 3 3 3 3 3 4 4 3 0 0
 9 9 9 9 9 9 3 3 3 3 4 4 3 0 0
 9 9 9 9 9 9 9 5 5 0 0 0 3 0 0
 9 9 9 9 9 9 9 9 9 3 5 0 3 0 0
 9 9 9 9 9 9 9 9 9 9 5 0 0 0 0
# Turn information for samurai of side 1 with weapon 1
# <turn>
362
# <cure period>
11
# Samurai states: <position x> <position y> <hiding>
14 9 0
14 0 0
7 8 0
13 8 0
-1 -1 1
-1 -1 1
# Battle field states
 9 9 9 9 9 9 9 9 9 0 0 1 1 1 5
 9 9 9 9 9 9 9 9 9 9 0 1 1 1 1
 9 9 9 9 9 9 9 9 9 9 9 1 1 1 1
 9 9 9 9 9 9 9 2 9 9 9 9 1 1 1
 9 9 9 9 9 9 2 2 2 9 9 9 9 1 1
 9 9 9 9 9 3 2 2 2 1 9 9 9 1 1
 9 9 9 9 3 3 2 2 2 1 3 9 3 1 4
 9 9 9 3 3 3 2 2 2 1 1 3 3 4 4
 9 9 3 3 3 3 2 2 2 5 1 3 3 0 0
 9 9 9 3 3 3 2 2 2 4 4 1 0 3 0
 9 9 9 9 3 3 3 3 3 3 4 4 3 3 0
 9 9 9 9 9 3 3 3 3 3 9 4 3 3 0
 9 9 9 9 9 9 3 5 5 9 9 9 3 3 0
 9 9 9 9 9 9 9 3 9 9 9 9 9 0 0
 9 9 9 9 9 9 9 9 9 9 9 9 9 9 0
# Turn information for samurai of side 1 with weapon 1
# <turn>
369
# <cure period>
4
# Samurai states: <position x> <position y> <hiding>
14 9 0
14 0 0
7 9 1
-1 -1 1
-1 -1 1
-1 -1 1
# Battle field states
 9 9 9 9 9 9 9 9 9 0 0 1 1 1 5
 9 9 9 9 9 9 9 9 9 9 0 1 1 1 1
 9 9 9 9 9 9 9 9 9 9 9 1 1 1 1
 9 9 9 9 9 9 9 9 9 9 9 9 1 3 1
 9 9 9 9 9 9 9 2 9 9 9 9 9 3 1
 9 9 9 9 9 9 2 2 2 9 9 9 9 3 1
 9 9 9 9 9 3 2 2 2 1 9 9 3 3 4
 9 9 9 9 3 3 2 2 2 1 1 3 3 4 4
 9 9 9 3 3 3 2 2 2 5 1 3 3 0 0
 9 9 3 3 3 3 2 2 2 4 4 1 0 3 0
 9 9 9 3 3 3 2 2 2 3 4 4 3 3 0
 9 9 9 9 3 3 3 3 3 3 4 4 3 3 0
 9 9 9 9 9 4 4 5 5 5 9 9 5 3 0
 9 9 9 9 9 9 4 4 5 9 9 9 9 0 0
 9 9 9 9 9 9 9 4 9 9 9 9 9 9 0
# Turn information for samurai of side 1 with weapon 1
# <turn>
374
# <cure period>
0
# Samurai states: <position x> <position y> <hiding>
14 9 0
14 0 0
7 10 0
14 7 0
6 14 0
-1 -1 1
# Battle field states
 9 9 9 9 9 9 9 9 9 0 0 1 1 1 5
 9 9 9 9 9 9 9 9 9 9 0 1 1 1 1
 9 9 9 9 9 9 9 9 9 9 9 1 1 1 1
 9 9 9 9 9 9 9 9 9 9 9 9 1 3 3
 9 9 9 9 9 9 9 9 9 9 9 9 9 3 3
 9 9 9 9 9 9 9 2 9 9 9 9 9 3 3
 9 9 9 9 9 9 2 2 2 9 9 9 3 3 3
 9 9 9 9 9 3 2 2 2 1 9 3 3 4 4
 9 9 9 9 3 3 2 2 2 5 1 3 3 0 0
 9 9 9 3 3 3 2 2 2 4 4 1 0 3 0
 9 9 3 3 3 3 2 2 2 3 4 4 3 3 0
 9 9 9 3 3 3 2 2 2 3 4 4 3 3 0
 9 9 9 9 4 4 4 5 5 5 5 9 5 5 0
 9 9 9 9 9 4 4 4 5 3 9 9 9 5 0
 9 9 9 9 9 9 4 4 4 9 9 9 9 9 0
# Turn information for samurai of side 1 with weapon 1
# <turn>
381
# <cure period>
0
# Samurai states: <position x> <position y> <hiding>
14 9 0
14 1 1
5 0 0
-1 -1 1
-1 -1 1
-1 -1 1
# Battle field states
 8 2 2 2 2 2 2 2 2 0 0 1 1 1 5
 9 2 2 2 2 2 2 2 2 0 0 1 1 1 1
 9 9 2 2 2 2 2 2 2 9 0 1 1 1 1
 9 9 9 2 2 2 2 2 9 9 9 1 1 3 1
 9 9 9 9 2 2 2 9 9 9 9 9 1 3 3
 9 9 9 9 9 3 9 9 9 9 9 9 9 3 3
 9 9 9 9 9 9 9 9 9 9 9 9 3 3 3
 9 9 9 9 9 9 9 9 9 9 9 3 3 4 4
 9 9 9 9 9 9 9 9 9 9 1 3 3 0 3
 9 9 9 9 9 9 9 9 9 4 4 1 0 3 3
 9 9 9 9 9 9 9 9 9 9 4 4 3 3 3
 9 9 9 9 9 9 9 9 9 9 9 4 3 3 3
 9 9 9 9 9 9 9 9 9 9 9 9 5 5 5
 9 9 9 9 9 9 9 9 9 9 9 9 9 5 5
 9 9 9 9 9 9 9 9 9 9 9 9 9 9 5
# Turn information for samurai of side 1 with weapon 1
# <turn>
386
# <cure period>
28
# Samurai states: <position x> <position y> <hiding>
14 9 0
14 0 0
5 0 0
14 5 0
-1 -1 1
13 12 0
# Battle field states
 8 2 2 2 2 2 2 2 2 0 0 1 1 1 5
 9 2 2 2 2 2 2 2 2 0 0 1 1 1 3
 9 9 2 2 2 2 2 2 2 9 9 1 1 1 3
 9 9 9 2 2 2 2 2 9 9 9 9 1 1 3
 9 9 9 9 2 2 2 9 9 9 9 9 9 3 3
 9 9 9 9 9 3 9 9 9 9 9 9 9 3 3
 9 9 9 9 9 9 9 9 9 9 9 9 3 3 3
 9 9 9 9 9 9 9 9 9 9 9 3 3 4 4
 9 9 9 9 9 9 9 9 9 9 1 3 3 0 3
 9 9 9 9 9 9 9 9 9 4 4 1 0 3 3
 9 9 9 9 9 9 9 9 9 9 4 4 3 3 3
 9 9 9 9 9 9 9 9 9 9 9 4 5 5 5
 9 9 9 9 9 9 9 9 9 9 9 9 5 5 5
 9 9 9 9 9 9 9 9 9 9 9 9 9 5 5
 9 9 9 9 9 9 9 9 9 9 9 9 9 9 5
# Turn information for samurai of side 1 with weapon 1
# <turn>
393
# <cure period>
21
# Samurai states: <position x> <position y> <hiding>
14 9 0
14 0 0
5 0 0
-1 -1 1
-1 -1 1
-1 -1 1
# Battle field states
 8 2 2 2 2 2 2 2 2 0 0 1 1 1 5
 9 2 2 2 2 2 2 2 2 0 0 1 1 1 3
 9 9 2 2 2 2 2 2 2 9 9 1 1 1 3
 9 9 9 2 2 2 2 2 9 9 9 9 1 1 3
 9 9 9 9 2 2 2 9 9 9 9 9 9 3 3
 9 9 9 9 9 3 9 9 9 9 9 9 9 3 3
 9 9 9 9 9 9 9 9 9 9 9 9 3 3 3
 9 9 9 9 9 9 9 9 9 9 9 3 3 4 4
 9 9 9 9 9 9 9 9 9 9 1 3 3 0 3
 9 9 9 9 9 9 9 9 9 4 4 1 0 3 3
 9 9 9 9 9 9 9 9 9 9 4 4 5 5 5
 9 9 9 9 9 9 9 9 9 9 9 4 5 5 5
 9 9 9 9 9 9 9 9 9 9 9 9 5 5 5
 9 9 9 9 9 9 9 9 9 9 9 9 9 5 5
 9 9 9 9 9 9 9 9 9 9 9 9 9 9 5
# Turn information for samurai of side 1 with weapon 1
# <turn>
398
# <cure period>
16
# Samurai states: <position x> <position y> <hiding>
14 9 0
14 0 0
5 0 0
13 4 0
-1 -1 1
13 10 0
# Battle field states
 8 2 2 2 2 2 2 2 2 0 0 1 1 3 5
 9 2 2 2 2 2 2 2 2 0 0 1 1 3 3
 9 9 2 2 2 2 2 2 2 9 9 1 1 3 3
 9 9 9 2 2 2 2 2 9 9 9 9 1 3 3
 9 9 9 9 2 2 2 9 9 9 9 9 9 3 3
 9 9 9 9 9 3 9 9 9 9 9 9 9 3 3
 9 9 9 9 9 9 9 9 9 9 9 9 3 3 3
 9 9 9 9 9 9 9 9 9 9 9 3 3 4 4
 9 9 9 9 9 9 9 9 9 9 1 3 3 0 3
 9 9 9 9 9 9 9 9 9 4 4 1 5 5 5
 9 9 9 9 9 9 9 9 9 9 4 4 5 5 5
 9 9 9 9 9 9 9 9 9 9 9 4 5 5 5
 9 9 9 9 9 9 9 9 9 9 9 9 5 5 5
 9 9 9 9 9 9 9 9 9 9 9 9 9 5 5
 9 9 9 9 9 9 9 9 9 9 9 9 9 9 5
# Turn information for samurai of side 1 with weapon 1
# <turn>
405
# <cure period>
9
# Samurai states: <position x> <position y> <hiding>
14 9 0
14 0 0
5 0 0
-1 -1 1
-1 -1 1
-1 -1 1
# Battle field states
 8 2 2 2 2 2 2 2 2 0 0 1 3 3 5
 9 2 2 2 2 2 2 2 2 0 0 1 3 3 3
 9 9 2 2 2 2 2 2 2 9 9 1 3 3 3
 9 9 9 2 2 2 2 2 9 9 9 9 3 3 3
 9 9 9 9 2 2 2 9 9 9 9 9 9 3 3
 9 9 9 9 9 3 9 9 9 9 9 9 9 3 3
 9 9 9 9 9 9 9 9 9 9 9 9 3 3 3
 9 9 9 9 9 9 9 9 9 9 9 3 3 4 4
 9 9 9 9 9 9 9 9 9 9 1 3 5 5 5
 9 9 9 9 9 9 9 9 9 4 4 1 5 5 5
 9 9 9 9 9 9 9 9 9 9 4 4 5 5 5
 9 9 9 9 9 9 9 9 9 9 9 4 5 5 5
 9 9 9 9 9 9 9 9 9 9 9 9 5 5 5
 9 9 9 9 9 9 9 9 9 9 9 9 9 5 5
 9 9 9 9 9 9 9 9 9 9 9 9 9 9 5
# Turn information for samurai of side 1 with weapon 1
# <turn>
410
# <cure period>
4
# Samurai states: <position x> <position y> <hiding>
14 9 0
14 0 0
5 0 0
-1 -1 1
-1 -1 1
12 9 0
# Battle field states
 8 2 2 2 2 2 2 2 2 0 0 3 3 3 5
 9 2 2 2 2 2 2 2 2 0 0 3 3 3 3
 9 9 2 2 2 2 2 2 2 9 9 3 3 3 3
 9 9 9 2 2 2 2 2 9 9 9 9 3 3 3
 9 9 9 9 2 2 2 9 9 9 9 9 9 3 3
 9 9 9 9 9 3 9 9 9 9 9 9 9 3 3
 9 9 9 9 9 9 9 9 9 9 9 9 3 3 3
 9 9 9 9 9 9 9 9 9 9 9 3 3 4 4
 9 9 9 9 9 9 9 9 9 9 1 5 5 5 5
 9 9 9 9 9 9 9 9 9 4 4 5 5 5 5
 9 9 9 9 9 9 9 9 9 9 4 5 5 5 5
 9 9 9 9 9 9 9 9 9 9 9 4 5 5 5
 9 9 9 9 9 9 9 9 9 9 9 9 5 5 5
 9 9 9 9 9 9 9 9 9 9 9 9 9 5 5
 9 9 9 9 9 9 9 9 9 9 9 9 9 9 5
# Turn information for samurai of side 1 with weapon 1
# <turn>
417
# <cure period>
0
# Samurai states: <position x> <position y> <hiding>
14 9 0
14 0 0
5 1 1
-1 -1 1
-1 -1 1
-1 -1 1
# Battle field states
 9 2 2 2 2 2 2 2 2 0 0 3 3 3 5
 8 2 2 2 2 2 2 2 2 0 0 3 3 3 3
 9 2 2 2 2 2 2 2 2 0 9 3 3 3 3
 9 9 2 2 2 2 2 3 3 9 9 9 3 3 3
 9 9 9 2 2 2 2 2 9 9 9 9 9 3 3
 9 9 9 9 3 3 4 9 9 9 9 9 9 3 3
 9 9 9 9 9 3 9 9 9 9 9 9 3 3 3
 9 9 9 9 9 9 9 9 9 9 9 3 3 4 4
 9 9 9 9 9 9 9 9 9 9 5 5 5 5 5
 9 9 9 9 9 9 9 9 9 4 5 5 5 5 5
 9 9 9 9 9 9 9 9 9 9 5 5 5 5 5
 9 9 9 9 9 9 9 9 9 9 9 4 5 5 5
 9 9 9 9 9 9 9 9 9 9 9 9 5 5 5
 9 9 9 9 9 9 9 9 9 9 9 9 9 5 5
 9 9 9 9 9 9 9 9 9 9 9 9 9 9 5
# Turn information for samurai of side 1 with weapon 1
# <turn>
422
# <cure period>
0
# Samurai states: <position x> <position y> <hiding>
14 9 0
14 0 0
5 1 1
11 2 0
-1 -1 1
11 8 0
# Battle field states
 9 2 2 2 2 2 2 2 2 0 0 3 1 1 5
 8 2 2 2 2 2 2 2 2 0 0 3 3 1 1
 9 2 2 2 2 2 2 3 3 3 9 3 3 3 1
 9 9 2 2 2 2 2 3 3 9 9 9 3 3 3
 9 9 9 2 2 2 2 2 9 9 9 9 9 3 3
 9 9 9 9 3 3 4 9 9 9 9 9 9 3 3
 9 9 9 9 9 3 9 9 9 9 9 9 3 3 3
 9 9 9 9 9 9 9 9 9 9 9 5 5 4 4
 9 9 9 9 9 9 9 9 9 9 5 5 5 5 5
 9 9 9 9 9 9 9 9 9 4 5 5 5 5 5
 9 9 9 9 9 9 9 9 9 9 5 5 5 5 5
 9 9 9 9 9 9 9 9 9 9 9 4 5 5 5
 9 9 9 9 9 9 9 9 9 9 9 9 5 5 5
 9 9 9 9 9 9 9 9 9 9 9 9 9 5 5
 9 9 9 9 9 9 9 9 9 9 9 9 9 9 5
# Turn information for samurai of side 1 with weapon 1
# <turn>
429
# <cure period>
0
# Samurai states: <position x> <position y> <hiding>
14 9 0
14 1 1
6 1 0
-1 -1 1
-1 -1 1
-1 -1 1
# Battle field states
 9 9 2 2 2 2 2 2 2 0 0 3 1 1 5
 9 2 2 2 2 2 2 3 3 3 3 3 1 1 1
 9 9 2 2 2 2 2 2 3 3 3 3 3 1 1
 9 9 9 2 2 2 2 3 3 3 9 3 3 3 1
 9 9 9 9 2 2 2 4 4 9 9 9 3 3 3
 9 9 9 9 9 3 4 4 9 9 9 9 9 3 3
 9 9 9 9 9 9 4 9 9 9 9 9 5 3 3
 9 9 9 9 9 9 9 9 9 9 9 5 5 4 4
 9 9 9 9 9 9 9 9 9 9 5 5 5 5 5
 9 9 9 9 9 9 9 9 9 4 5 5 5 5 5
 9 9 9 9 9 9 9 9 9 9 5 5 5 5 5
 9 9 9 9 9 9 9 9 9 9 9 4 5 5 5
 9 9 9 9 9 9 9 9 9 9 9 9 5 5 5
 9 9 9 9 9 9 9 9 9 9 9 9 9 5 5
 9 9 9 9 9 9 9 9 9 9 9 9 9 9 5
# Turn information for samurai of side 1 with weapon 1
# <turn>
434
# <cure period>
0
# Samurai states: <position x> <position y> <hiding>
14 9 0
14 2 0
6 2 1
11 0 0
-1 -1 1
-1 -1 1
# Battle field states
 9 9 9 2 2 2 2 3 3 3 9 3 1 1 5
 9 9 2 2 2 2 2 2 3 3 3 3 1 1 1
 9 2 2 2 2 2 2 2 3 3 3 3 1 1 1
 9 9 2 2 2 2 2 3 3 3 3 3 3 1 1
 9 9 9 2 2 2 2 4 4 4 9 3 3 3 1
 9 9 9 9 3 3 4 4 4 9 9 9 5 3 3
 9 9 9 9 9 3 4 4 9 9 9 9 5 3 3
 9 9 9 9 9 9 4 9 9 9 9 5 5 4 4
 9 9 9 9 9 9 9 9 9 9 5 5 5 5 5
 9 9 9 9 9 9 9 9 9 4 5 5 5 5 5
 9 9 9 9 9 9 9 9 9 9 5 5 5 5 0
 9 9 9 9 9 9 9 9 9 9 9 4 5 5 0
 9 9 9 9 9 9 9 9 9 9 9 9 5 5 0
 9 9 9 9 9 9 9 9 9 9 9 9 9 5 0
 9 9 9 9 9 9 9 9 9 9 9 9 9 9 5
# Turn information for samurai of side 1 with weapon 1
# <turn>
441
# <cure period>
0
# Samurai states: <position x> <position y> <hiding>
14 10 1
14 3 1
7 2 0
-1 -1 1
-1 -1 1
-1 -1 1
# Battle field states
 9 9 9 9 2 2 2 3 3 3 3 9 1 1 5
 9 9 9 2 2 2 2 2 2 3 3 3 3 3 3
 9 9 2 2 2 2 2 2 2 3 3 3 1 1 1
 9 9 9 2 2 2 2 2 2 3 3 3 1 1 1
 9 9 9 9 2 2 2 4 4 4 3 3 3 1 1
 9 9 9 9 9 3 4 4 4 5 9 5 5 3 1
 9 9 9 9 9 9 4 4 4 9 9 9 4 3 3
 9 9 9 9 9 9 9 4 9 9 9 9 5 4 4
 9 9 9 9 9 9 9 9 9 9 9 5 5 5 5
 9 9 9 9 9 9 9 9 9 9 0 0 0 0 5
 9 9 9 9 9 9 9 9 9 3 5 5 5 5 0
 9 9 9 9 9 9 9 9 9 9 4 4 5 5 0
 9 9 9 9 9 9 9 9 9 9 9 5 5 5 0
 9 9 9 9 9 9 9 9 9 9 9 9 5 5 0
 9 9 9 9 9 9 9 9 9 9 9 9 9 5 5
# Turn information for samurai of side 1 with weapon 1
# <turn>
446
# <cure period>
0
# Samurai states: <position x> <position y> <hiding>
14 10 1
14 4 0
7 3 1
12 1 0
-1 -1 1
10 5 0
# Battle field states
 9 9 9 9 9 2 2 3 3 3 9 9 9 1 5
 9 9 9 9 2 2 2 2 2 3 3 9 3 3 3
 9 9 9 2 2 2 2 2 2 3 3 3 3 1 1
 9 9 2 2 2 2 2 2 2 3 3 3 3 1 1
 9 9 9 2 2 2 2 2 2 5 5 5 3 1 1
 9 9 9 9 3 3 4 4 4 5 5 5 3 1 1
 9 9 9 9 9 3 4 4 4 5 9 5 4 3 1
 9 9 9 9 9 9 4 4 4 9 9 9 5 4 4
 9 9 9 9 9 9 9 4 9 9 9 5 5 5 5
 9 9 9 9 9 9 9 9 9 9 0 0 0 0 5
 9 9 9 9 9 9 9 9 9 3 0 0 0 0 0
 9 9 9 9 9 9 9 9 9 9 4 4 5 5 0
 9 9 9 9 9 9 9 9 9 9 9 5 5 5 0
 9 9 9 9 9 9 9 9 9 9 9 9 5 5 0
 9 9 9 9 9 9 9 9 9 9 9 9 9 5 5
# Turn information for samurai of side 1 with weapon 1
# <turn>
453
# <cure period>
28
# Samurai states: <position x> <position y> <hiding>
14 11 0
14 0 0
7 4 0
-1 -1 1
-1 -1 1
-1 -1 1
# Battle field states
 9 9 9 9 9 9 2 3 3 3 3 3 1 1 5
 9 9 9 9 9 2 2 2 2 3 3 3 3 3 3
 9 9 9 9 2 2 2 2 2 3 3 3 3 3 1
 9 9 9 2 2 2 2 2 2 3 3 3 3 3 1
 9 9 2 2 2 2 2 2 2 5 5 5 5 3 1
 9 9 9 3 3 3 2 2 2 5 5 4 9 9 1
 9 9 9 9 3 3 4 4 4 5 5 9 9 9 1
 9 9 9 9 9 3 4 4 4 5 9 9 9 4 4
 9 9 9 9 9 9 4 4 4 9 9 9 4 5 5
 9 9 9 9 9 9 9 4 9 9 9 4 0 0 5
 9 9 9 9 9 9 9 9 9 9 0 0 0 0 0
 9 9 9 9 9 9 9 9 9 3 0 0 0 0 0
 9 9 9 9 9 9 9 9 9 9 5 5 5 5 0
 9 9 9 9 9 9 9 9 9 9 9 5 5 5 0
 9 9 9 9 9 9 9 9 9 9 9 9 5 5 5
# Turn information for samurai of side 1 with weapon 1
# <turn>
458
# <cure period>
23
# Samurai states: <position x> <position y> <hiding>
14 12 1
14 0 0
7 5 1
14 1 0
-1 -1 1
11 6 0
# Battle field states
 9 9 9 9 9 9 9 3 9 3 3 3 1 1 5
 9 9 9 9 9 9 2 2 2 9 3 3 3 3 3
 9 9 9 9 9 2 2 2 2 3 9 3 3 3 3
 9 9 9 9 2 2 2 2 2 3 3 9 3 3 3
 9 9 9 2 2 2 2 2 2 5 5 5 9 3 3
 9 9 2 3 3 3 2 2 2 5 5 5 5 9 3
 9 9 9 3 3 3 2 2 2 5 5 5 9 9 9
 9 9 9 9 3 3 4 4 4 5 5 9 9 9 4
 9 9 9 9 9 3 4 4 4 4 9 9 9 5 5
 9 9 9 9 9 9 4 4 4 9 9 9 0 0 5
 9 9 9 9 9 9 9 4 9 9 9 0 0 0 0
 9 9 9 9 9 9 9 9 9 9 0 0 0 0 0
 9 9 9 9 9 9 9 9 9 5 0 0 0 0 0
 9 9 9 9 9 9 9 9 9 9 5 5 5 5 0
 9 9 9 9 9 9 9 9 9 9 9 5 5 5 5
# Turn information for samurai of side 1 with weapon 1
# <turn>
465
# <cure period>
16
# Samurai states: <position x> <position y> <hiding>
14 13 0
14 0 0
7 6 0
-1 -1 1
-1 -1 1
-1 -1 1
# Battle field states
 9 9 9 9 9 9 9 9 9 3 3 3 1 1 5
 9 9 9 9 9 9 9 2 9 9 3 3 3 3 3
 9 9 9 9 9 9 2 2 2 9 9 3 3 3 3
 9 9 9 9 9 2 2 2 2 3 9 9 3 3 3
 9 9 9 9 2 2 2 2 2 5 5 9 9 3 3
 9 9 9 3 3 3 2 2 2 5 5 5 9 9 3
 9 9 2 3 3 3 2 2 2 5 5 5 5 9 9
 9 9 9 3 3 3 2 2 2 5 5 5 9 9 9
 9 9 9 9 3 3 4 4 4 4 5 9 9 9 5
 9 9 9 9 9 3 4 4 4 4 9 9 9 4 5
 9 9 9 9 9 9 4 4 4 9 9 9 4 0 0
 9 9 9 9 9 9 9 4 9 9 9 4 0 0 0
 9 9 9 9 9 9 9 9 9 9 0 0 0 0 0
 9 9 9 9 9 9 9 9 9 3 0 0 0 0 0
 9 9 9 9 9 9 9 9 9 9 5 5 5 5 5
# Turn information for samurai of side 1 with weapon 1
# <turn>
470
# <cure period>
11
# Samurai states: <position x> <position y> <hiding>
14 14 0
14 0 0
7 7 1
13 2 0
-1 -1 1
11 8 0
# Battle field states
 9 9 9 9 9 9 9 9 9 3 3 3 1 3 5
 9 9 9 9 9 9 9 9 9 9 3 3 3 3 3
 9 9 9 9 9 9 9 2 9 9 9 3 3 3 3
 9 9 9 9 9 9 2 2 2 9 9 9 3 3 3
 9 9 9 9 9 2 2 2 2 5 9 9 9 3 3
 9 9 9 9 3 3 2 2 2 5 5 9 9 9 3
 9 9 9 3 3 3 2 2 2 5 5 5 9 9 9
 9 9 2 3 3 3 2 2 2 5 5 5 5 9 9
 9 9 9 3 3 3 2 2 2 4 5 5 9 9 9
 9 9 9 9 3 3 4 4 4 4 5 9 9 9 5
 9 9 9 9 9 3 4 4 4 3 9 9 9 0 0
 9 9 9 9 9 9 4 4 4 9 9 9 0 0 0
 9 9 9 9 9 9 9 4 9 9 9 0 0 0 0
 9 9 9 9 9 9 9 9 9 9 0 0 0 0 0
 9 9 9 9 9 9 9 9 9 5 0 0 0 0 5
# Turn information for samurai of side 1 with weapon 1
# <turn>
477
# <cure period>
4
# Samurai states: <position x> <position y> <hiding>
14 13 1
14 0 0
7 8 0
-1 -1 1
12 10 0
-1 -1 1
# Battle field states
 9 9 9 9 9 9 9 9 9 3 3 3 3 3 5
 9 9 9 9 9 9 9 9 9 9 3 3 3 3 3
 9 9 9 9 9 9 9 9 9 9 9 3 3 3 3
 9 9 9 9 9 9 9 2 9 9 9 9 3 3 3
 9 9 9 9 9 9 2 2 2 9 9 9 9 3 3
 9 9 9 9 9 3 2 2 2 5 9 9 9 9 3
 9 9 9 9 3 3 2 2 2 5 5 9 9 9 9
 9 9 9 3 3 3 2 2 2 5 5 5 9 9 9
 9 9 3 3 3 3 2 2 2 4 5 5 5 9 5
 9 9 9 3 3 3 2 2 2 4 5 5 9 4 5
 9 9 9 9 3 3 4 4 4 4 5 9 5 4 4
 9 9 9 9 9 3 4 4 4 3 9 4 4 4 0
 9 9 9 9 9 9 2 4 4 9 0 4 4 0 0
 9 9 9 9 9 9 9 4 9 3 0 0 0 0 0
 9 9 9 9 9 9 9 9 9 9 0 0 0 0 0
# Turn information for samurai of side 1 with weapon 1
# <turn>
482
# <cure period>
0
# Samurai states: <position x> <position y> <hiding>
13 13 0
14 0 0
7 9 1
11 2 0
12 10 0
11 10 0
# Battle field states
 9 9 9 9 9 9 9 9 9 3 3 3 3 3 5
 9 9 9 9 9 9 9 9 9 9 3 3 3 3 3
 9 9 9 9 9 9 9 9 9 9 9 3 3 3 3
 9 9 9 9 9 9 9 9 9 9 9 9 3 3 3
 9 9 9 9 9 9 9 2 9 9 9 9 9 3 3
 9 9 9 9 9 9 2 2 2 9 9 9 9 9 3
 9 9 9 9 9 3 2 2 2 5 9 9 9 9 9
 9 9 9 9 3 3 2 2 2 5 5 9 9 9 9
 9 9 9 3 3 3 2 2 2 4 5 5 9 4 9
 9 9 3 3 3 3 2 2 2 4 5 5 5 0 5
 9 9 9 3 3 3 2 2 2 4 5 5 5 0 4
 9 9 9 9 3 3 4 4 4 3 5 5 5 0 0
 9 9 9 9 9 4 2 4 4 5 0 4 4 0 0
 9 9 9 9 9 9 4 4 4 3 0 0 0 0 0
 9 9 9 9 9 9 9 4 9 5 0 0 0 0 0
# Turn information for samurai of side 1 with weapon 1
# <turn>
489
# <cure period>
0
# Samurai states: <position x> <position y> <hiding>
13 14 1
14 0 0
7 10 0
-1 -1 1
12 12 0
-1 -1 1
# Battle field states
 9 9 9 9 9 9 9 9 9 3 3 3 1 1 5
 9 9 9 9 9 9 9 9 9 9 3 3 3 1 1
 9 9 9 9 9 9 9 9 9 9 9 3 3 3 1
 9 9 9 9 9 9 9 9 9 9 9 9 3 3 3
 9 9 9 9 9 9 9 9 9 9 9 9 9 3 3
 9 9 9 9 9 9 9 2 9 9 9 9 9 9 3
 9 9 9 9 9 9 2 2 2 9 9 9 9 9 9
 9 9 9 9 9 3 2 2 2 5 9 9 9 9 9
 9 9 9 9 3 3 2 2 2 4 5 9 9 9 9
 9 9 9 3 3 3 2 2 2 4 5 5 9 0 9
 9 9 3 3 3 3 2 2 2 4 5 5 5 0 4
 9 9 9 3 3 3 2 2 2 3 5 5 5 0 4
 9 9 9 9 4 4 2 4 4 5 0 4 4 4 4
 9 9 9 9 9 4 4 4 4 3 0 0 4 4 0
 9 9 9 9 9 9 4 4 4 5 0 0 4 0 0
# Turn information for samurai of side 1 with weapon 1
# <turn>
494
# <cure period>
0
# Samurai states: <position x> <position y> <hiding>
12 14 0
14 1 1
7 11 1
-1 -1 1
-1 -1 1
9 14 0
# Battle field states
 9 9 9 9 9 9 9 9 9 9 3 3 1 1 5
 9 9 9 9 9 9 9 9 9 3 3 3 1 1 1
 9 9 9 9 9 9 9 9 9 9 3 3 3 1 1
 9 9 9 9 9 9 9 9 9 9 9 3 3 3 1
 9 9 9 9 9 9 9 9 9 9 9 9 5 3 3
 9 9 9 9 9 9 9 9 9 9 9 9 9 3 3
 9 9 9 9 9 9 9 2 9 9 9 9 9 9 3
 9 9 9 9 9 9 2 2 2 9 9 9 9 9 9
 9 9 9 9 9 3 2 2 2 4 9 9 9 9 9
 9 9 9 9 3 3 2 2 2 4 5 9 5 9 9
 9 9 9 3 3 3 2 2 2 4 5 5 0 5 9
 9 9 3 3 3 3 2 2 2 3 5 5 0 5 4
 9 9 9 4 4 4 2 2 2 5 0 5 0 5 4
 9 9 9 9 4 4 4 4 4 3 0 0 0 4 0
 9 9 9 9 9 4 4 4 4 5 0 0 4 0 0
# Turn information for samurai of side 1 with weapon 1
# <turn>
501
# <cure period>
0
# Samurai states: <position x> <position y> <hiding>
13 14 1
14 2 0
7 12 0
-1 -1 1
-1 -1 1
9 14 0
# Battle field states
 9 9 9 9 9 9 9 9 9 9 9 3 3 1 5
 9 9 9 9 9 9 9 9 9 9 3 3 3 1 1
 9 9 9 9 9 9 9 9 9 3 3 3 3 1 1
 9 9 9 9 9 9 9 9 9 9 3 3 3 1 1
 9 9 9 9 9 9 9 9 9 9 9 5 5 3 1
 9 9 9 9 9 9 9 9 9 9 9 9 5 3 3
 9 9 9 9 9 9 9 9 9 9 9 9 9 4 3
 9 9 9 9 9 9 9 2 9 9 9 9 9 9 4
 9 9 9 9 9 9 2 2 2 9 9 9 9 9 9
 9 9 9 9 9 3 2 2 2 4 9 9 9 0 9
 9 9 9 9 3 3 2 2 2 4 5 9 0 0 4
 9 9 9 3 3 3 2 2 2 3 5 5 0 0 4
 9 9 4 4 4 4 2 2 2 5 0 5 0 0 4
 9 9 9 4 4 4 2 2 2 3 0 0 0 0 0
 9 9 9 9 4 4 4 4 4 5 0 0 4 0 0
# Turn information for samurai of side 1 with weapon 1
# <turn>
506
# <cure period>
28
# Samurai states: <position x> <position y> <hiding>
14 14 0
14 0 0
7 13 1
13 4 0
-1 -1 1
9 14 0
# Battle field states
 9 9 9 9 9 9 9 9 9 3 3 3 3 3 5
 9 9 9 9 9 9 9 9 9 9 3 3 3 3 1
 9 9 9 9 9 9 9 9 9 9 9 1 1 3 1
 9 9 9 9 9 9 9 9 9 9 9 9 1 3 1
 9 9 9 9 9 9 9 9 9 9 9 9 9 1 1
 9 9 9 9 9 9 9 9 9 9 9 9 9 9 3
 9 9 9 9 9 9 9 9 9 9 9 9 9 9 9
 9 9 9 9 9 9 9 9 9 9 9 9 9 9 9
 9 9 9 9 9 9 9 2 9 9 9 9 9 9 9
 9 9 9 9 9 9 2 2 2 9 9 9 9 9 5
 9 9 9 9 9 3 2 2 2 4 9 9 9 0 0
 9 9 9 9 3 3 2 2 2 3 5 9 0 0 0
 9 9 9 4 4 4 2 2 2 5 0 5 0 0 0
 9 9 4 4 4 4 2 2 2 3 0 0 0 0 0
 9 9 9 4 4 4 2 2 2 5 0 0 4 0 0
