# <# turns> <side> <weapon> <width> <height> <cure period>
192 1 2 15 15 20
# Home positions
14 9
14 0
5 0
0 5
0 14
9 14
# Ranks and scores of samurai
1 80
0 93
4 28
2 40
5 24
3 31
# Turn information for samurai of side 1 with weapon 2
# <turn>
5
# <cure period>
0
# Samurai states: <position x> <position y> <hiding>
13 9 0
14 0 0
5 0 0
-1 -1 1
-1 -1 1
-1 -1 1
# Battle field states
 8 8 8 8 8 8 8 8 8 8 8 8 1 1 8
 9 8 8 8 8 8 8 8 8 8 8 8 8 1 1
 9 9 8 8 8 8 8 8 8 9 9 8 8 8 1
 9 9 9 8 8 8 8 8 9 9 9 9 8 8 8
 9 9 9 9 8 8 8 9 9 9 9 9 9 8 8
 9 9 9 9 9 8 9 9 9 9 9 9 8 8 8
 9 9 9 9 9 9 9 9 9 9 9 8 8 8 8
 9 9 9 9 9 9 9 9 9 9 8 8 8 8 8
 9 9 9 9 9 9 9 9 9 8 8 8 8 8 8
 9 9 9 9 9 9 9 9 8 8 8 8 8 8 8
 9 9 9 9 9 9 9 9 9 8 8 8 8 8 8
 9 9 9 9 9 9 9 9 9 9 8 8 8 8 8
 9 9 9 9 9 9 9 9 9 9 9 8 8 8 8
 9 9 9 9 9 9 9 9 9 9 9 9 8 8 8
 9 9 9 9 9 9 9 9 9 9 9 9 9 8 9
# Turn information for samurai of side 1 with weapon 2
# <turn>
10
# <cure period>
0
# Samurai states: <position x> <position y> <hiding>
14 9 0
14 1 1
5 1 0
-1 -1 1
-1 -1 1
-1 -1 1
# Battle field states
 9 8 8 8 2 8 2 8 8 8 8 8 1 1 8
 8 8 8 8 2 8 2 8 8 8 8 8 1 1 1
 9 8 8 8 2 2 2 8 8 8 8 8 8 1 1
 9 9 8 8 8 8 8 8 8 9 9 8 8 8 1
 9 9 9 8 8 8 8 8 9 9 9 9 8 8 8
 9 9 9 9 3 8 8 9 9 9 9 9 9 0 8
 9 9 9 9 9 8 9 9 9 9 9 9 8 0 8
 9 9 9 9 9 9 9 9 9 9 9 8 8 0 8
 9 9 9 9 9 9 9 9 9 9 8 8 8 0 8
 9 9 9 9 9 9 9 9 9 8 8 8 8 8 8
 9 9 9 9 9 9 9 9 9 9 8 8 8 8 8
 9 9 9 9 9 9 9 9 9 9 9 8 8 8 8
 9 9 9 9 9 9 9 9 9 9 9 9 8 8 8
 9 9 9 9 9 9 9 9 9 9 9 9 9 8 8
 9 9 9 9 9 9 9 9 9 9 9 9 9 9 8
# Turn information for samurai of side 1 with weapon 2
# <turn>
17
# <cure period>
0
# Samurai states: <position x> <position y> <hiding>
13 9 0
14 2 0
5 2 1
-1 -1 1
-1 -1 1
-1 -1 1
# Battle field states
 9 9 8 8 2 8 2 8 8 9 9 8 1 1 8
 9 8 8 8 2 2 2 8 8 8 8 8 1 1 1
 8 8 8 8 2 2 2 8 8 8 8 8 1 1 1
 9 8 8 8 2 2 2 8 8 8 8 8 8 1 1
 9 9 8 8 8 8 8 8 8 9 9 8 8 8 1
 9 9 9 3 3 8 8 8 9 9 9 9 8 0 0
 9 9 9 9 3 8 8 9 9 9 9 8 8 0 0
 9 9 9 9 9 8 9 9 9 9 8 8 8 0 0
 9 9 9 9 9 9 9 9 9 8 8 8 8 0 0
 9 9 9 9 9 9 9 9 8 8 8 8 8 8 8
 9 9 9 9 9 9 9 9 9 8 8 8 8 8 8
 9 9 9 9 9 9 9 9 9 9 8 8 8 8 8
 9 9 9 9 9 9 9 9 9 9 9 8 8 8 8
 9 9 9 9 9 9 9 9 9 9 9 9 8 8 8
 9 9 9 9 9 9 9 9 9 9 9 9 9 8 9
# Turn information for samurai of side 1 with weapon 2
# <turn>
22
# <cure period>
0
# Samurai states: <position x> <position y> <hiding>
13 10 0
13 2 1
5 3 0
-1 -1 1
-1 -1 1
-1 -1 1
# Battle field states
 9 9 9 8 2 8 2 8 9 9 8 8 1 1 8
 9 9 8 8 2 2 2 8 8 8 8 8 1 1 1
 9 8 8 8 2 2 2 8 8 8 8 1 1 1 1
 8 8 8 8 2 2 2 8 8 8 8 8 1 1 1
 9 8 8 8 2 2 2 8 8 8 8 8 8 1 1
 9 9 3 3 3 8 8 8 8 9 9 8 8 0 0
 9 9 9 3 3 8 8 8 9 9 9 9 8 0 0
 9 9 9 9 3 8 8 9 9 9 9 8 8 0 0
 9 9 9 9 9 8 9 9 9 9 8 8 8 0 0
 9 9 9 9 9 9 9 9 9 8 8 8 8 8 8
 9 9 9 9 9 9 9 9 8 8 8 8 8 8 8
 9 9 9 9 9 9 9 9 9 8 8 8 8 8 8
 9 9 9 9 9 9 9 9 9 9 8 8 8 8 8
 9 9 9 9 9 9 9 9 9 9 9 8 8 8 8
 9 9 9 9 9 9 9 9 9 9 9 9 8 8 8
# Turn information for samurai of side 1 with weapon 2
# <turn>
29
# <cure period>
0
# Samurai states: <position x> <position y> <hiding>
13 9 0
12 2 0
5 4 1
-1 -1 1
-1 -1 1
-1 -1 1
# Battle field states
 9 9 9 9 2 8 2 9 9 8 8 8 1 1 8
 9 9 9 8 2 2 2 8 8 8 8 8 1 1 1
 9 9 8 8 2 2 2 8 8 8 1 1 1 1 1
 9 8 8 8 2 2 2 8 8 8 8 1 1 1 1
 8 8 8 8 2 2 2 8 8 8 8 8 1 1 1
 9 3 3 3 2 2 2 8 8 8 8 8 8 0 0
 9 9 3 3 3 8 8 8 8 9 9 8 8 0 0
 9 9 9 3 3 8 8 8 9 9 8 8 8 0 0
 9 9 9 9 3 8 8 9 9 8 8 8 8 0 0
 9 9 9 9 9 8 9 9 8 8 8 8 8 8 8
 9 9 9 9 9 9 9 9 9 8 8 8 8 8 0
 9 9 9 9 9 9 9 9 9 9 8 8 8 8 8
 9 9 9 9 9 9 9 9 9 9 9 8 8 8 8
 9 9 9 9 9 9 9 9 9 9 9 9 8 8 8
 9 9 9 9 9 9 9 9 9 9 9 9 9 8 9
# Turn information for samurai of side 1 with weapon 2
# <turn>
34
# <cure period>
0
# Samurai states: <position x> <position y> <hiding>
13 8 0
11 2 1
5 5 0
-1 -1 1
-1 -1 1
-1 -1 1
# Battle field states
 9 9 9 9 9 8 9 9 8 8 8 1 1 1 8
 9 9 9 9 2 2 2 8 8 8 1 1 1 1 1
 9 9 9 8 2 2 2 8 8 1 1 1 1 1 1
 9 9 8 8 2 2 2 8 8 8 8 1 1 1 1
 9 8 8 8 2 2 2 8 8 8 8 8 1 1 1
 8 3 3 3 2 2 2 8 8 8 8 8 8 0 0
 9 3 3 3 2 2 2 8 8 8 8 8 8 0 0
 9 9 3 3 3 8 8 8 8 8 8 8 8 0 0
 9 9 9 3 3 8 8 8 8 8 8 8 8 0 0
 9 9 9 9 3 8 8 9 9 8 8 8 8 0 8
 9 9 9 9 9 8 9 9 9 9 8 8 8 0 0
 9 9 9 9 9 9 9 9 9 9 9 8 8 0 8
 9 9 9 9 9 9 9 9 9 9 9 9 8 0 8
 9 9 9 9 9 9 9 9 9 9 9 9 9 8 9
 9 9 9 9 9 9 9 9 9 9 9 9 9 9 9
# Turn information for samurai of side 1 with weapon 2
# <turn>
41
# <cure period>
0
# Samurai states: <position x> <position y> <hiding>
13 9 0
11 3 0
5 6 1
-1 -1 1
-1 -1 1
-1 -1 1
# Battle field states
 9 9 9 9 9 9 9 9 9 8 8 1 1 1 9
 9 9 9 9 9 2 9 9 8 8 1 1 1 1 1
 9 9 9 9 2 2 2 8 8 1 1 1 1 1 1
 9 9 9 8 2 2 2 8 8 1 1 1 1 1 1
 9 9 8 8 2 2 2 8 8 8 1 1 1 1 1
 9 3 3 3 2 2 2 8 8 8 8 1 8 0 0
 3 3 3 3 2 2 2 8 8 8 8 8 8 0 0
 9 3 3 3 2 2 2 8 8 8 8 8 8 0 0
 9 9 3 3 3 8 8 8 8 8 8 8 8 0 0
 9 9 9 3 3 8 8 8 8 8 8 8 8 0 8
 9 9 9 9 3 8 8 9 9 8 8 8 8 0 0
 9 9 9 9 9 4 9 9 9 9 8 8 8 0 8
 9 9 9 9 9 9 9 9 9 9 9 8 8 0 8
 9 9 9 9 9 9 9 9 9 9 9 9 8 8 8
 9 9 9 9 9 9 9 9 9 9 9 9 9 8 9
# Turn information for samurai of side 1 with weapon 2
# <turn>
46
# <cure period>
0
# Samurai states: <position x> <position y> <hiding>
14 9 0
11 4 1
5 7 0
-1 -1 1
-1 -1 1
-1 -1 1
# Battle field states
 9 9 9 9 9 9 9 9 9 9 8 1 1 9 9
 9 9 9 9 9 9 9 9 9 8 1 1 1 1 9
 9 9 9 9 9 2 9 9 8 1 1 1 1 1 1
 9 9 9 9 2 2 2 8 8 1 1 1 1 1 1
 9 9 9 8 2 2 2 8 8 1 1 1 1 1 1
 9 9 3 3 2 2 2 8 8 8 1 1 8 0 0
 9 3 3 3 2 2 2 8 8 8 8 1 8 0 0
 3 3 3 3 2 2 2 8 8 8 8 8 8 0 0
 9 3 3 3 2 2 2 8 8 8 8 8 8 0 0
 9 9 3 3 3 8 8 8 8 8 8 8 8 0 8
 9 9 9 3 3 4 8 8 9 9 8 8 8 0 0
 9 9 9 9 3 4 4 9 9 9 9 8 8 0 8
 9 9 9 9 9 4 9 9 9 9 9 9 8 0 8
 9 9 9 9 9 9 9 9 9 9 9 9 9 0 8
 9 9 9 9 9 9 9 9 9 9 9 9 9 9 8
# Turn information for samurai of side 1 with weapon 2
# <turn>
53
# <cure period>
0
# Samurai states: <position x> <position y> <hiding>
13 9 1
11 5 0
5 8 1
-1 -1 1
6 12 0
-1 -1 1
# Battle field states
 9 9 9 9 9 9 9 9 9 9 9 1 9 9 9
 9 9 9 9 9 9 9 9 9 9 1 1 1 9 9
 9 9 9 9 9 9 9 9 9 1 1 1 1 1 9
 9 9 9 9 9 2 9 9 8 1 1 1 1 1 1
 9 9 9 9 2 2 2 8 8 1 1 1 1 1 1
 9 9 9 3 2 2 2 8 8 8 1 1 1 1 0
 9 9 3 3 2 2 2 8 8 8 8 1 1 0 0
 9 3 3 3 2 2 2 8 8 8 8 1 8 0 0
 3 3 3 3 2 2 2 8 8 8 8 8 8 0 0
 9 3 3 3 2 2 2 8 8 8 8 8 8 0 8
 9 9 3 3 3 4 4 8 8 8 8 8 8 0 0
 9 9 9 3 3 4 4 4 9 9 8 8 8 0 8
 9 9 9 9 4 4 4 9 9 9 9 8 8 0 8
 9 9 9 9 9 4 9 9 9 9 9 9 8 0 8
 9 9 9 9 9 9 9 9 9 9 9 9 9 8 9
# Turn information for samurai of side 1 with weapon 2
# <turn>
58
# <cure period>
0
# Samurai states: <position x> <position y> <hiding>
13 8 1
10 5 1
5 9 0
-1 -1 1
-1 -1 1
-1 -1 1
# Battle field states
 9 9 9 9 9 9 9 9 9 9 8 9 9 9 9
 9 9 9 9 9 9 9 9 9 8 1 1 9 9 9
 9 9 9 9 9 9 9 9 8 1 1 1 1 9 9
 9 9 9 9 9 9 9 8 8 1 1 1 1 1 9
 9 9 9 9 9 2 2 8 8 1 1 1 1 1 1
 9 9 9 9 2 2 2 8 1 1 1 1 1 1 0
 9 9 9 3 2 2 2 8 8 1 1 1 1 0 0
 9 9 3 3 2 2 2 8 8 8 1 1 8 0 0
 9 3 3 3 2 2 2 8 8 8 8 8 8 0 0
 3 3 3 3 2 2 4 8 8 8 8 8 8 0 8
 9 3 3 3 2 2 4 4 8 8 8 8 8 0 0
 9 9 3 3 3 4 4 4 4 9 9 8 8 0 8
 9 9 9 3 3 4 4 4 9 9 9 9 8 0 8
 9 9 9 9 4 4 4 9 9 9 9 9 9 0 9
 9 9 9 9 9 4 9 9 9 9 9 9 9 9 9
# Turn information for samurai of side 1 with weapon 2
# <turn>
65
# <cure period>
0
# Samurai states: <position x> <position y> <hiding>
13 7 1
10 6 0
5 10 1
-1 -1 1
-1 -1 1
-1 -1 1
# Battle field states
 9 9 9 9 9 9 9 9 9 9 9 9 9 9 9
 9 9 9 9 9 9 9 9 9 9 1 9 9 9 9
 9 9 9 9 9 9 9 9 9 1 1 1 9 1 9
 9 9 9 9 9 9 9 9 8 1 1 1 1 1 1
 9 9 9 9 9 9 9 8 8 1 1 1 1 1 1
 9 9 9 9 9 2 2 8 1 1 1 1 1 1 0
 9 9 9 9 2 2 2 8 1 1 1 1 1 0 0
 9 9 9 3 2 2 2 8 8 1 1 1 8 0 0
 9 9 3 3 2 2 2 8 8 8 1 8 8 0 0
 9 3 3 3 2 2 2 8 8 8 8 8 8 0 8
 3 3 3 3 2 2 2 4 8 8 8 8 8 0 0
 9 3 3 3 3 2 2 4 4 8 8 9 8 0 8
 9 9 3 3 3 4 4 5 5 9 9 9 9 0 9
 9 9 9 4 4 4 4 5 9 9 9 9 9 9 9
 9 9 9 9 4 4 4 9 9 9 9 9 9 9 9
# Turn information for samurai of side 1 with weapon 2
# <turn>
70
# <cure period>
17
# Samurai states: <position x> <position y> <hiding>
14 5 1
10 7 1
5 0 0
-1 -1 1
-1 -1 1
-1 -1 1
# Battle field states
 8 8 8 8 2 8 2 8 8 8 8 9 9 9 8
 9 8 8 8 2 2 2 8 8 8 9 9 9 1 1
 9 9 8 8 2 2 2 8 8 9 1 9 1 1 1
 9 9 9 8 2 2 2 8 9 1 1 1 1 1 1
 9 9 9 9 2 2 2 9 8 1 1 1 1 1 1
 9 9 9 9 9 2 9 8 1 1 1 1 1 1 0
 9 9 9 9 9 9 2 8 1 1 1 1 1 0 0
 9 9 9 9 9 2 2 8 8 1 1 1 1 0 0
 9 9 9 9 9 9 2 8 8 8 1 1 8 0 0
 9 9 9 9 9 9 9 8 8 8 1 8 8 0 8
 9 9 9 9 9 9 9 9 8 8 8 8 8 9 0
 9 9 9 9 9 9 9 9 9 8 8 8 9 9 9
 9 9 9 9 9 9 9 9 9 9 5 9 9 9 9
 9 9 9 9 9 9 9 9 9 9 9 9 9 9 9
 9 9 9 9 9 9 9 9 9 9 9 9 9 9 9
# Turn information for samurai of side 1 with weapon 2
# <turn>
77
# <cure period>
10
# Samurai states: <position x> <position y> <hiding>
14 6 0
9 7 0
5 0 0
-1 -1 1
-1 -1 1
-1 -1 1
# Battle field states
 8 8 8 8 2 8 2 8 8 8 8 9 9 9 9
 9 8 8 8 2 2 2 8 8 8 9 9 9 9 1
 9 9 8 8 2 2 2 8 8 1 9 9 9 1 1
 9 9 9 8 2 2 2 8 8 1 1 9 1 1 1
 9 9 9 9 2 2 2 8 8 1 1 1 1 1 1
 9 9 9 9 9 2 2 8 1 1 1 1 1 1 0
 9 9 9 9 9 2 2 8 1 1 1 1 1 0 0
 9 9 9 9 2 2 2 1 1 1 1 1 1 0 0
 9 9 9 9 9 2 2 8 1 1 1 1 8 0 0
 9 9 9 9 9 9 2 8 8 1 1 8 8 0 0
 9 9 9 9 9 9 9 4 8 8 8 8 9 0 0
 9 9 9 9 9 9 9 9 4 8 8 9 9 9 8
 9 9 9 9 9 9 9 9 9 5 9 9 9 9 9
 9 9 9 9 9 9 9 9 9 9 9 9 9 9 9
 9 9 9 9 9 9 9 9 9 9 9 9 9 9 9
# Turn information for samurai of side 1 with weapon 2
# <turn>
82
# <cure period>
5
# Samurai states: <position x> <position y> <hiding>
14 5 0
9 8 1
5 0 0
-1 -1 1
-1 -1 1
-1 -1 1
# Battle field states
 8 8 8 8 2 8 2 8 8 8 8 9 9 9 8
 9 8 8 8 2 2 2 8 8 8 9 9 9 1 1
 9 9 8 8 2 2 2 8 8 9 9 9 1 1 1
 9 9 9 8 2 2 2 8 9 1 9 1 1 1 1
 9 9 9 9 2 2 2 9 8 1 1 1 1 1 1
 9 9 9 9 9 2 9 8 1 1 1 1 1 1 0
 9 9 9 9 9 9 2 8 1 1 0 0 0 0 0
 9 9 9 9 9 2 2 1 1 1 1 1 1 0 0
 9 9 9 9 2 2 2 1 1 1 1 1 8 0 0
 9 9 9 9 9 3 2 8 1 1 1 8 8 0 0
 9 9 9 9 9 9 2 4 8 1 8 8 8 9 0
 9 9 9 9 9 9 9 4 4 8 8 8 9 9 9
 9 9 9 9 9 9 9 9 5 5 5 9 9 9 9
 9 9 9 9 9 9 9 9 9 5 9 9 9 9 9
 9 9 9 9 9 9 9 9 9 9 9 9 9 9 9
# Turn information for samurai of side 1 with weapon 2
# <turn>
89
# <cure period>
0
# Samurai states: <position x> <position y> <hiding>
12 6 1
9 9 0
5 0 0
-1 -1 1
-1 -1 1
-1 -1 1
# Battle field states
 8 8 8 8 2 8 2 8 8 8 8 9 9 9 9
 9 8 8 8 2 2 2 8 8 8 9 9 1 9 9
 9 9 8 8 2 2 2 8 8 9 9 1 1 1 9
 9 9 9 8 2 2 2 8 9 9 1 1 1 1 1
 9 9 9 9 2 2 2 9 9 1 1 1 1 1 1
 9 9 9 9 9 2 9 9 1 1 1 1 1 1 0
 9 9 9 9 9 9 9 8 1 1 0 0 0 0 0
 9 9 9 9 9 9 2 1 1 1 1 1 1 0 0
 9 9 9 9 9 3 2 1 1 1 1 1 8 0 0
 9 9 9 9 3 3 2 8 1 1 1 1 8 0 0
 9 9 9 9 9 3 2 4 8 1 1 8 8 0 9
 9 9 9 9 9 9 2 4 4 1 8 8 8 9 9
 9 9 9 9 9 9 9 5 5 5 5 5 9 9 9
 9 9 9 9 9 9 9 9 5 5 5 9 9 9 9
 9 9 9 9 9 9 9 9 9 5 9 9 9 9 9
# Turn information for samurai of side 1 with weapon 2
# <turn>
94
# <cure period>
0
# Samurai states: <position x> <position y> <hiding>
12 3 1
8 9 1
4 0 1
-1 -1 1
-1 -1 1
-1 -1 1
# Battle field states
 8 8 8 2 2 2 2 8 8 8 8 1 1 1 8
 8 8 8 2 2 2 2 8 8 8 1 1 1 1 1
 9 8 8 8 2 2 2 8 8 1 1 1 1 1 1
 9 9 8 8 2 2 2 8 8 1 1 1 1 1 1
 9 9 9 8 2 2 9 9 8 1 1 1 1 1 1
 9 9 9 9 2 9 9 8 1 1 1 1 1 1 0
 9 9 9 9 9 9 2 8 1 1 0 0 0 0 0
 9 9 9 9 9 3 2 1 1 1 1 1 1 0 9
 9 9 9 9 3 3 2 1 1 1 1 1 8 9 9
 9 9 9 3 3 3 1 1 1 1 1 1 8 0 9
 9 9 9 9 3 3 2 1 1 1 1 8 8 9 9
 9 9 9 9 9 3 2 4 1 1 8 8 9 9 9
 9 9 9 9 9 9 2 5 5 5 5 9 9 9 9
 9 9 9 9 9 9 9 5 5 5 9 9 9 9 9
 9 9 9 9 9 9 9 9 5 9 9 9 9 9 9
# Turn information for samurai of side 1 with weapon 2
# <turn>
101
# <cure period>
0
# Samurai states: <position x> <position y> <hiding>
14 2 0
8 10 0
3 0 0
-1 -1 1
-1 -1 1
-1 -1 1
# Battle field states
 8 8 2 2 2 2 2 8 8 9 9 1 1 1 8
 8 8 2 2 2 2 2 8 9 9 1 1 1 1 1
 8 3 8 8 2 2 2 9 9 1 1 1 1 1 1
 9 3 8 8 2 2 9 9 9 9 1 1 1 1 1
 9 9 8 8 2 9 9 9 9 9 9 1 1 1 1
 9 9 9 3 9 9 9 9 1 9 9 9 1 1 0
 9 9 9 9 9 9 9 8 1 1 9 9 9 0 0
 9 9 9 9 9 9 2 1 1 1 1 9 9 9 0
 9 9 9 9 9 3 2 1 1 1 1 1 9 9 9
 9 9 9 9 3 3 1 1 1 1 1 1 8 9 9
 9 9 9 3 3 3 1 1 1 1 1 8 8 0 9
 9 9 9 9 3 3 2 1 1 1 8 8 8 9 9
 9 9 9 9 9 4 2 5 1 5 5 5 9 9 9
 9 9 9 9 9 9 4 5 5 5 5 9 9 9 9
 9 9 9 9 9 9 9 5 5 5 9 9 9 9 9
# Turn information for samurai of side 1 with weapon 2
# <turn>
106
# <cure period>
0
# Samurai states: <position x> <position y> <hiding>
14 1 1
8 11 1
2 0 1
-1 -1 1
-1 -1 1
-1 -1 1
# Battle field states
 8 2 2 2 2 2 2 8 9 9 8 1 1 1 8
 8 2 2 2 2 2 2 9 9 8 1 1 1 1 1
 8 3 8 8 2 2 9 9 9 9 1 1 1 1 1
 8 3 8 8 2 9 9 9 9 9 9 1 1 1 0
 9 3 8 8 9 9 9 9 9 9 9 9 1 1 0
 9 9 3 9 9 9 9 9 9 9 9 9 9 1 0
 9 9 9 9 9 9 9 9 1 9 9 9 9 9 0
 9 9 9 9 9 9 9 1 1 1 9 9 9 9 9
 9 9 9 9 9 9 2 1 1 1 1 9 9 9 9
 9 9 9 9 9 3 1 1 1 1 1 1 9 9 9
 9 9 9 9 3 3 1 1 1 1 1 8 8 9 9
 9 9 9 4 4 3 2 1 1 1 1 8 8 5 9
 9 9 9 9 4 4 2 5 1 1 5 5 5 9 9
 9 9 9 9 9 4 4 5 1 5 5 8 9 9 9
 9 9 9 9 9 9 4 5 5 5 5 9 9 9 9
# Turn information for samurai of side 1 with weapon 2
# <turn>
113
# <cure period>
15
# Samurai states: <position x> <position y> <hiding>
13 1 0
7 11 0
5 0 0
-1 -1 1
3 11 0
-1 -1 1
# Battle field states
 8 2 2 2 2 2 2 8 8 8 8 1 1 1 8
 9 2 3 2 2 2 2 8 8 8 1 1 1 1 1
 9 9 3 2 2 2 2 8 8 1 1 1 1 1 1
 9 9 9 8 2 2 2 8 9 9 1 1 1 1 0
 9 9 9 9 2 2 2 9 9 9 9 1 1 1 0
 9 9 9 9 9 2 9 9 9 9 9 9 1 1 0
 9 9 9 9 9 9 9 8 9 9 9 9 9 0 9
 9 9 9 9 9 9 2 1 1 9 9 9 9 9 9
 9 9 9 9 9 3 2 1 1 1 9 9 9 9 9
 9 9 9 9 3 3 1 1 1 1 1 9 9 9 9
 9 9 9 4 4 3 1 1 1 1 1 8 9 9 9
 9 9 4 4 4 4 1 1 1 1 1 5 5 9 9
 9 9 9 4 4 4 1 1 1 1 5 5 9 9 9
 9 9 9 9 4 4 4 1 1 5 5 9 9 9 9
 9 9 9 9 9 4 4 5 5 5 9 9 9 9 9
# Turn information for samurai of side 1 with weapon 2
# <turn>
118
# <cure period>
10
# Samurai states: <position x> <position y> <hiding>
12 1 0
6 11 0
5 0 0
-1 -1 1
-1 -1 1
-1 -1 1
# Battle field states
 8 2 2 2 2 2 2 8 8 8 8 1 0 1 8
 9 2 3 2 2 2 2 8 8 8 1 1 1 1 1
 9 9 3 2 2 2 2 8 8 1 1 1 1 1 1
 9 9 9 8 2 2 2 8 9 1 1 1 1 1 0
 9 9 9 9 2 2 2 9 9 9 1 1 1 1 0
 9 9 9 9 9 3 9 9 9 9 9 1 1 1 9
 9 9 9 9 9 9 3 9 9 9 9 9 0 9 9
 9 9 9 9 9 3 2 1 9 9 9 9 9 9 9
 9 9 9 9 3 3 2 1 1 9 9 9 9 9 9
 9 9 9 4 4 3 1 1 1 1 9 9 9 9 9
 9 9 4 4 4 4 1 1 1 1 1 9 9 9 9
 9 4 4 4 1 1 4 1 1 1 1 5 9 9 9
 9 9 4 4 4 1 1 1 1 1 5 9 9 9 9
 9 9 9 4 4 4 1 1 1 5 9 9 9 9 9
 9 9 9 9 4 4 4 5 5 9 9 9 9 9 9
# Turn information for samurai of side 1 with weapon 2
# <turn>
125
# <cure period>
3
# Samurai states: <position x> <position y> <hiding>
13 1 1
5 11 1
5 0 0
-1 -1 1
-1 -1 1
-1 -1 1
# Battle field states
 8 2 2 2 2 2 2 8 8 8 8 1 0 1 8
 9 2 3 3 2 2 2 8 8 8 1 1 1 1 1
 9 9 3 3 2 2 2 8 8 1 1 1 0 1 1
 9 9 9 3 2 2 2 8 9 9 1 1 0 1 0
 9 9 9 9 2 2 2 9 9 9 9 1 0 1 0
 9 9 9 9 9 3 9 9 9 9 9 9 0 1 0
 9 9 9 9 9 3 9 9 9 9 9 9 9 0 9
 9 9 9 9 3 3 2 9 9 9 9 9 9 9 9
 9 9 9 3 3 3 2 1 9 9 9 9 9 9 9
 9 9 4 4 4 1 1 1 1 9 9 9 9 9 9
 9 4 4 4 1 1 1 1 1 1 9 9 9 9 9
 4 4 4 1 1 1 4 1 1 1 1 9 9 9 9
 9 4 4 4 4 1 1 1 1 1 9 9 9 9 9
 9 9 4 4 4 4 1 1 1 9 9 9 9 9 9
 9 9 9 4 4 4 4 5 9 9 9 9 9 9 9
# Turn information for samurai of side 1 with weapon 2
# <turn>
130
# <cure period>
0
# Samurai states: <position x> <position y> <hiding>
12 1 0
5 12 0
5 0 0
-1 -1 1
-1 -1 1
-1 -1 1
# Battle field states
 8 2 2 2 2 2 2 8 8 8 8 1 0 1 8
 9 2 3 3 3 2 2 8 8 8 1 1 1 1 1
 9 9 3 3 3 2 2 8 8 1 1 1 0 1 1
 9 9 9 3 3 2 2 8 9 1 1 1 0 1 0
 9 9 9 9 3 2 2 9 9 9 1 1 0 1 0
 9 9 9 9 9 3 9 9 9 9 9 1 0 1 9
 9 9 9 9 9 9 9 9 9 9 9 9 0 9 9
 9 9 9 9 9 3 9 9 9 9 9 9 9 9 9
 9 9 9 9 3 3 2 9 9 9 9 9 9 9 9
 9 9 9 4 4 1 1 1 9 9 9 9 9 9 9
 9 9 4 4 1 1 1 1 1 9 9 9 9 9 9
 9 4 4 1 1 1 4 1 1 1 9 9 9 9 9
 4 4 4 1 1 1 1 1 1 1 5 9 9 9 9
 9 4 4 4 1 1 1 1 1 5 9 9 9 9 9
 9 9 4 4 4 1 4 5 5 9 9 9 9 9 9
# Turn information for samurai of side 1 with weapon 2
# <turn>
137
# <cure period>
15
# Samurai states: <position x> <position y> <hiding>
13 1 0
4 12 1
5 0 0
-1 -1 1
-1 -1 1
-1 -1 1
# Battle field states
 8 2 2 2 2 2 2 8 8 8 8 1 0 1 8
 9 2 3 3 2 3 2 8 8 8 1 1 1 1 1
 9 9 3 3 2 3 2 8 8 1 1 1 0 1 1
 9 9 9 3 3 3 2 8 9 9 1 1 0 1 0
 9 9 9 9 3 3 2 9 9 9 9 1 0 1 0
 9 9 9 9 9 3 9 9 9 9 9 9 0 1 0
 9 9 9 9 9 9 9 9 9 9 9 9 9 0 9
 9 9 9 9 3 9 9 9 9 9 9 9 9 9 9
 9 9 9 3 3 3 9 9 9 9 9 9 9 9 9
 9 9 4 4 4 1 1 9 9 9 9 9 9 9 9
 9 4 4 4 1 1 1 1 9 9 9 9 9 9 9
 4 4 4 1 1 1 4 1 1 9 9 9 9 9 9
 4 4 1 1 1 1 1 1 1 1 9 9 9 9 9
 4 4 4 1 1 1 1 1 1 9 9 9 9 9 9
 9 4 4 4 1 1 4 5 9 9 9 9 9 9 9
# Turn information for samurai of side 1 with weapon 2
# <turn>
142
# <cure period>
10
# Samurai states: <position x> <position y> <hiding>
14 1 0
4 11 0
5 0 0
-1 -1 1
-1 -1 1
-1 -1 1
# Battle field states
 8 2 2 2 2 2 2 8 8 8 8 1 0 1 8
 9 2 3 3 2 3 3 8 8 8 0 0 0 0 1
 9 9 3 3 2 3 3 8 8 9 1 1 0 1 1
 9 9 9 3 3 3 3 8 9 9 9 1 0 1 0
 9 9 9 9 3 3 3 9 9 9 9 9 0 1 0
 9 9 9 9 9 3 9 9 9 9 9 9 9 1 0
 9 9 9 9 3 9 9 9 9 9 9 9 9 9 0
 9 9 9 3 3 3 9 9 9 9 9 9 9 9 9
 9 9 3 3 3 3 2 9 9 9 9 9 9 9 9
 9 3 4 4 1 1 1 1 9 9 9 9 9 9 9
 4 4 4 1 1 1 1 1 1 9 9 9 9 9 9
 4 4 1 1 1 1 4 1 1 1 9 9 9 9 9
 4 4 1 1 1 1 1 1 1 9 9 9 9 9 9
 9 4 4 1 1 1 1 1 9 9 9 9 9 9 9
 9 9 4 4 1 1 4 9 9 9 9 9 9 9 9
# Turn information for samurai of side 1 with weapon 2
# <turn>
149
# <cure period>
3
# Samurai states: <position x> <position y> <hiding>
14 1 0
4 10 1
5 0 0
-1 -1 1
-1 -1 1
-1 -1 1
# Battle field states
 8 2 2 2 2 2 2 8 8 8 8 1 0 1 8
 9 2 3 3 2 3 3 8 8 8 0 0 0 0 1
 9 9 3 3 2 3 3 8 8 9 1 1 0 1 0
 9 9 9 3 3 3 3 8 9 9 9 1 0 1 0
 9 9 9 9 3 3 3 9 9 9 9 9 0 1 0
 9 9 9 9 3 3 9 9 9 9 9 9 9 1 0
 9 9 9 3 3 3 9 9 9 9 9 9 9 9 0
 9 9 3 3 3 3 3 9 9 9 9 9 9 9 9
 9 3 3 3 1 3 3 1 9 9 9 9 9 9 9
 3 3 4 1 1 1 3 1 1 9 9 9 9 9 9
 4 4 1 1 1 1 3 1 1 1 9 9 9 9 9
 4 4 1 1 1 1 4 1 1 9 9 9 9 9 9
 9 4 4 1 1 1 1 1 9 9 9 9 9 9 9
 9 9 4 4 1 1 1 9 9 9 9 9 9 9 9
 9 9 9 4 4 1 9 9 9 9 9 9 9 9 9
# Turn information for samurai of side 1 with weapon 2
# <turn>
154
# <cure period>
0
# Samurai states: <position x> <position y> <hiding>
13 0 1
5 10 0
5 0 0
-1 -1 1
-1 -1 1
-1 -1 1
# Battle field states
 8 2 2 2 2 2 2 8 8 8 8 1 0 1 8
 9 2 3 3 2 3 3 8 8 8 0 0 0 0 1
 9 9 3 3 2 3 3 8 8 9 1 1 0 1 0
 9 9 9 3 3 3 3 8 9 9 9 1 0 1 0
 9 9 9 9 3 3 3 9 9 9 9 9 0 1 0
 9 9 9 9 9 3 9 9 9 9 9 9 9 1 9
 9 9 9 9 3 3 3 9 9 9 9 9 9 9 9
 9 9 9 3 3 3 3 1 9 9 9 9 9 9 9
 9 9 3 3 1 1 3 1 1 9 9 9 9 9 9
 9 3 4 1 1 1 1 1 1 1 9 9 9 9 9
 4 4 1 1 1 1 1 1 1 1 1 9 9 9 9
 9 4 1 1 1 1 4 1 1 1 9 9 9 9 9
 9 9 4 4 1 1 1 1 1 9 9 9 9 9 9
 9 9 9 4 4 1 1 1 9 9 9 9 9 9 9
 9 9 9 9 4 4 4 9 9 9 9 9 9 9 9
# Turn information for samurai of side 1 with weapon 2
# <turn>
161
# <cure period>
0
# Samurai states: <position x> <position y> <hiding>
13 1 0
5 9 1
6 0 1
6 7 0
-1 -1 1
-1 -1 1
# Battle field states
 9 2 2 2 2 2 2 2 8 8 8 1 0 1 8
 9 9 3 3 2 2 2 2 8 8 0 0 0 0 0
 9 9 9 3 2 3 3 8 8 1 1 1 0 1 0
 9 9 9 9 3 3 3 8 8 9 1 1 0 1 0
 9 9 9 9 9 3 3 8 9 9 9 1 0 1 0
 9 9 9 9 3 3 3 9 9 9 9 9 0 1 0
 9 9 9 3 3 3 3 3 9 9 9 9 9 5 9
 9 9 3 3 3 1 3 3 3 9 9 9 9 9 9
 9 3 3 3 1 1 1 1 1 1 9 9 9 9 9
 3 3 4 1 1 1 1 1 1 1 1 9 9 9 9
 9 4 1 1 1 1 1 1 1 1 9 9 9 9 9
 9 9 1 4 1 1 4 1 1 9 9 9 9 9 9
 9 9 9 4 4 1 1 1 9 9 9 9 9 9 9
 9 9 9 9 4 4 1 9 9 9 9 9 9 9 9
 9 9 9 9 9 4 9 9 9 9 9 9 9 9 9
# Turn information for samurai of side 1 with weapon 2
# <turn>
166
# <cure period>
0
# Samurai states: <position x> <position y> <hiding>
13 1 1
5 10 0
6 1 0
-1 -1 1
-1 -1 1
-1 -1 1
# Battle field states
 9 9 2 2 2 2 2 2 8 8 8 1 0 1 8
 9 2 3 3 2 2 2 2 8 8 0 0 0 0 0
 9 9 3 3 2 2 2 2 8 1 1 1 0 1 0
 9 9 9 3 3 3 3 8 8 1 1 1 0 1 0
 9 9 9 9 3 3 3 8 8 9 9 1 0 1 0
 9 9 9 9 9 3 3 3 9 9 9 9 0 1 0
 9 9 9 9 3 3 3 9 9 9 9 9 9 5 9
 9 9 9 3 3 1 3 3 9 9 9 9 9 9 9
 9 9 3 3 1 1 1 3 1 9 9 9 9 9 9
 9 3 4 1 1 1 1 3 1 1 9 9 9 9 9
 4 4 1 1 1 1 1 1 1 1 1 9 9 9 9
 9 4 1 4 4 1 1 3 1 1 9 9 9 9 9
 9 9 4 4 4 1 1 1 1 9 9 9 9 9 9
 9 9 9 4 4 4 4 1 9 9 9 9 9 9 9
 9 9 9 9 4 4 4 9 9 9 9 9 9 9 9
# Turn information for samurai of side 1 with weapon 2
# <turn>
173
# <cure period>
0
# Samurai states: <position x> <position y> <hiding>
13 0 0
14 0 0
6 2 1
-1 -1 1
-1 -1 1
-1 -1 1
# Battle field states
 9 9 9 2 2 2 2 2 8 8 8 1 0 1 8
 9 9 3 3 2 2 2 2 8 8 0 0 0 0 0
 9 2 3 3 2 2 2 2 8 1 1 1 0 1 0
 9 9 3 3 3 2 2 2 8 1 1 1 0 1 0
 9 9 9 3 3 3 3 8 8 1 9 9 0 1 0
 9 9 9 9 3 3 3 3 1 9 9 9 9 1 0
 9 9 9 9 9 3 3 3 9 9 9 9 9 9 9
 9 9 9 9 9 9 3 9 9 9 9 9 9 9 9
 9 9 9 9 9 9 9 9 9 9 9 9 9 9 9
 9 9 9 9 9 9 9 9 9 9 9 9 9 9 9
 9 9 9 9 9 9 9 9 9 9 9 9 9 9 9
 9 9 9 9 9 9 9 9 9 9 9 9 9 9 9
 9 9 9 9 9 9 9 9 9 9 9 9 9 9 9
 9 9 9 9 9 9 9 9 9 9 9 9 9 9 9
 9 9 9 9 9 9 9 9 9 9 9 9 9 9 9
# Turn information for samurai of side 1 with weapon 2
# <turn>
178
# <cure period>
0
# Samurai states: <position x> <position y> <hiding>
12 2 0
14 0 0
6 3 0
-1 -1 1
-1 -1 1
-1 -1 1
# Battle field states
 9 9 9 9 2 2 2 2 8 8 8 1 0 1 8
 9 9 9 3 2 2 2 2 8 8 0 0 0 0 0
 9 9 3 3 2 2 2 2 8 1 1 1 0 1 0
 9 3 3 3 3 2 2 2 8 1 1 1 0 1 0
 9 9 3 3 3 2 2 2 8 1 1 1 0 1 0
 9 9 9 3 3 3 3 3 1 1 1 1 0 1 0
 9 9 9 9 3 3 3 3 3 9 9 0 5 5 9
 9 9 9 9 9 1 3 3 9 9 9 9 5 9 9
 9 9 9 9 9 9 1 9 9 9 9 9 9 9 9
 9 9 9 9 9 9 9 9 9 9 9 9 9 9 9
 9 9 9 9 9 9 9 9 9 9 9 9 9 9 9
 9 9 9 9 9 9 9 9 9 9 9 9 9 9 9
 9 9 9 9 9 9 9 9 9 9 9 9 9 9 9
 9 9 9 9 9 9 9 9 9 9 9 9 9 9 9
 9 9 9 9 9 9 9 9 9 9 9 9 9 9 9
# Turn information for samurai of side 1 with weapon 2
# <turn>
185
# <cure period>
0
# Samurai states: <position x> <position y> <hiding>
11 2 0
14 0 0
6 4 1
-1 -1 1
-1 -1 1
-1 -1 1
# Battle field states
 9 9 9 9 9 2 2 2 8 8 8 1 0 1 8
 9 9 9 9 2 2 2 2 8 8 0 0 0 0 0
 9 9 9 3 2 2 2 2 8 1 1 1 0 0 0
 9 9 3 3 3 2 2 2 8 1 1 1 0 1 0
 9 3 3 3 3 2 2 2 8 1 1 1 0 1 0
 9 9 3 3 3 2 2 2 1 1 1 1 0 1 0
 9 9 9 3 3 3 3 3 3 3 3 0 5 9 9
 9 9 9 9 3 1 3 3 3 9 9 1 9 9 9
 9 9 9 9 9 1 1 3 9 9 9 9 9 9 9
 9 9 9 9 9 9 1 9 9 9 9 9 9 9 9
 9 9 9 9 9 9 9 9 9 9 9 9 9 9 9
 9 9 9 9 9 9 9 9 9 9 9 9 9 9 9
 9 9 9 9 9 9 9 9 9 9 9 9 9 9 9
 9 9 9 9 9 9 9 9 9 9 9 9 9 9 9
 9 9 9 9 9 9 9 9 9 9 9 9 9 9 9
# Turn information for samurai of side 1 with weapon 2
# <turn>
190
# <cure period>
0
# Samurai states: <position x> <position y> <hiding>
10 2 0
14 0 0
6 5 0
-1 -1 1
-1 -1 1
-1 -1 1
# Battle field states
 9 9 9 9 9 9 2 2 8 8 8 1 0 1 8
 9 9 9 9 9 2 2 2 8 8 0 0 0 0 0
 9 9 9 9 2 2 2 2 8 1 1 1 0 0 0
 9 9 9 3 3 2 2 2 8 1 1 0 0 1 0
 9 9 3 3 3 2 2 2 8 1 1 0 0 1 0
 9 3 3 3 3 2 2 2 1 1 1 0 0 9 0
 9 9 3 3 3 2 2 2 3 3 3 0 9 9 9
 9 9 9 3 3 1 3 3 3 3 3 9 9 9 9
 9 9 9 9 1 4 1 3 3 9 9 9 9 9 9
 9 9 9 9 9 4 4 3 9 9 9 9 9 9 9
 9 9 9 9 9 9 4 9 9 9 9 9 9 9 9
 9 9 9 9 9 9 9 9 9 9 9 9 9 9 9
 9 9 9 9 9 9 9 9 9 9 9 9 9 9 9
 9 9 9 9 9 9 9 9 9 9 9 9 9 9 9
 9 9 9 9 9 9 9 9 9 9 9 9 9 9 9
