# <# turns> <side> <weapon> <width> <height> <cure period>
192 0 2 15 15 20
# Home positions
0 5
0 14
9 14
14 9
14 0
5 0
# Ranks and scores of samurai
2 40
5 24
3 31
1 80
0 93
4 28
# Turn information for samurai of side 0 with weapon 2
# <turn>
4
# <cure period>
0
# Samurai states: <position x> <position y> <hiding>
0 5 0
0 14 0
9 14 0
-1 -1 1
-1 -1 1
-1 -1 1
# Battle field states
 8 9 9 9 9 9 9 9 9 9 9 9 9 9 9
 8 8 9 9 9 9 9 9 9 9 9 9 9 9 9
 8 8 8 9 9 9 9 9 9 9 9 9 9 9 9
 8 8 8 8 9 9 9 9 9 9 9 9 9 9 9
 8 8 8 8 8 9 9 9 9 9 9 9 9 9 9
 8 8 8 8 8 8 9 9 9 9 9 9 9 9 9
 0 8 8 8 8 9 9 9 9 9 9 9 9 9 9
 0 8 8 8 9 9 9 9 9 9 9 9 9 9 9
 0 8 8 9 9 9 9 9 9 9 9 9 9 9 9
 0 8 9 9 9 9 9 9 9 8 9 9 9 9 9
 8 8 9 9 9 9 9 9 8 8 8 9 9 9 9
 8 8 8 9 9 9 9 8 8 8 8 8 9 9 9
 1 8 8 8 9 9 8 8 8 8 8 8 8 9 9
 1 1 8 8 8 8 8 8 8 8 8 8 8 8 9
 8 1 1 8 8 8 8 8 8 8 8 8 8 8 8
# Turn information for samurai of side 0 with weapon 2
# <turn>
11
# <cure period>
0
# Samurai states: <position x> <position y> <hiding>
0 6 1
1 14 1
8 14 0
-1 -1 1
-1 -1 1
-1 -1 1
# Battle field states
 9 9 9 9 9 9 9 9 9 9 9 9 9 9 9
 8 9 9 9 9 9 9 9 9 9 9 9 9 9 9
 8 8 9 9 9 9 9 9 9 9 9 9 9 9 9
 8 8 8 9 9 9 9 9 9 9 9 9 9 9 9
 8 8 8 8 9 9 9 9 9 9 9 9 9 9 9
 8 0 0 0 0 9 9 9 9 9 9 9 9 9 9
 0 8 8 8 8 8 9 9 9 9 9 9 9 9 9
 0 8 8 8 8 9 9 9 9 9 9 9 9 9 9
 0 8 8 8 9 9 9 9 9 9 9 9 9 9 9
 0 8 8 9 9 9 9 9 8 9 9 9 9 9 9
 8 8 8 9 9 9 9 8 8 8 9 9 9 9 9
 8 8 8 8 9 9 8 8 8 8 8 9 9 9 9
 1 1 8 8 8 8 8 8 8 8 8 8 9 9 9
 1 1 1 8 8 8 8 8 8 8 8 8 8 9 9
 8 1 1 1 8 8 8 8 8 8 8 8 8 8 9
# Turn information for samurai of side 0 with weapon 2
# <turn>
16
# <cure period>
0
# Samurai states: <position x> <position y> <hiding>
0 6 1
2 14 0
9 14 0
-1 -1 1
-1 -1 1
-1 -1 1
# Battle field states
 9 9 9 9 9 9 9 9 9 9 9 9 9 9 9
 8 9 9 9 9 9 9 9 9 9 9 9 9 9 9
 8 8 9 9 9 9 9 9 9 9 9 9 9 9 9
 8 8 8 9 9 9 9 9 9 9 9 9 9 9 9
 8 8 8 8 9 9 9 9 9 9 9 9 9 9 9
 8 0 0 0 0 9 9 9 9 9 9 9 9 9 9
 0 0 0 0 0 8 9 9 9 9 9 9 9 9 9
 0 8 8 8 8 9 9 9 9 9 9 9 9 9 9
 0 8 8 8 9 9 9 9 9 9 9 9 9 9 9
 0 8 8 9 9 9 9 9 9 8 9 9 9 9 9
 8 8 8 8 9 9 9 9 8 8 8 9 9 9 9
 8 8 8 8 8 9 9 8 8 8 8 8 9 9 9
 1 1 1 8 8 8 8 8 8 8 8 8 8 9 9
 1 1 1 1 8 8 8 2 2 2 8 8 8 8 9
 8 1 1 1 1 8 8 2 8 2 8 8 8 8 8
# Turn information for samurai of side 0 with weapon 2
# <turn>
23
# <cure period>
0
# Samurai states: <position x> <position y> <hiding>
0 7 0
3 14 1
8 14 0
-1 -1 1
-1 -1 1
-1 -1 1
# Battle field states
 9 9 9 9 9 9 9 9 9 9 9 9 9 9 9
 9 9 9 9 9 9 9 9 9 9 9 9 9 9 9
 8 9 9 9 9 9 9 9 9 9 9 9 9 9 9
 8 8 9 9 9 9 9 9 9 9 9 9 9 9 9
 8 8 8 9 9 9 9 9 9 9 9 9 9 9 9
 8 0 0 0 9 9 9 9 9 9 9 9 9 9 9
 0 0 0 0 0 9 9 9 9 9 9 9 9 9 9
 0 0 0 0 0 8 9 9 9 9 9 9 9 9 9
 0 8 8 8 8 9 9 9 9 9 9 9 9 9 9
 0 8 8 8 9 9 9 9 8 9 9 9 9 9 9
 8 8 8 8 8 9 9 8 8 8 9 9 9 9 9
 8 8 8 8 8 8 8 8 8 8 8 9 9 9 9
 1 1 1 1 8 8 8 8 8 8 8 8 9 9 9
 1 1 1 1 1 8 8 2 2 2 2 8 8 9 9
 8 1 1 1 1 1 8 2 2 2 2 8 8 8 9
# Turn information for samurai of side 0 with weapon 2
# <turn>
28
# <cure period>
0
# Samurai states: <position x> <position y> <hiding>
0 8 1
4 14 0
8 13 1
-1 -1 1
-1 -1 1
-1 -1 1
# Battle field states
 9 9 9 9 9 9 9 9 9 9 9 9 9 9 9
 9 9 9 9 9 9 9 9 9 9 9 9 9 9 9
 9 9 9 9 9 9 9 9 9 9 9 9 9 9 9
 8 9 9 9 9 9 9 9 9 9 9 9 9 9 9
 8 8 9 9 9 9 9 9 9 9 9 9 9 9 9
 8 0 0 9 9 9 9 9 9 9 9 9 9 9 9
 0 0 0 0 9 9 9 9 9 9 9 9 9 9 9
 0 0 0 0 0 9 9 9 9 9 9 9 9 9 9
 0 0 0 0 0 8 9 9 8 9 9 9 9 9 9
 0 8 8 8 8 9 9 8 8 8 9 9 9 9 9
 8 8 8 8 8 8 8 8 8 8 8 9 9 9 9
 8 8 8 8 8 8 8 8 8 8 8 8 9 9 9
 1 1 1 1 1 8 8 8 8 8 8 8 8 9 9
 1 1 1 1 1 1 8 2 2 2 2 8 8 8 9
 8 1 1 1 1 1 1 2 2 2 2 8 8 9 9
# Turn information for samurai of side 0 with weapon 2
# <turn>
35
# <cure period>
0
# Samurai states: <position x> <position y> <hiding>
0 9 0
4 13 1
8 14 0
-1 -1 1
-1 -1 1
-1 -1 1
# Battle field states
 9 9 9 9 9 9 9 9 9 9 9 9 9 9 9
 9 9 9 9 9 9 9 9 9 9 9 9 9 9 9
 9 9 9 9 9 9 9 9 9 9 9 9 9 9 9
 9 9 9 9 9 9 9 9 9 9 9 9 9 9 9
 8 9 9 9 9 9 9 9 9 9 9 9 9 9 9
 8 0 9 9 9 9 9 9 9 9 9 9 9 9 9
 0 0 0 9 9 9 9 9 9 9 9 9 9 9 9
 0 0 0 0 9 9 9 9 9 9 9 9 9 9 9
 0 0 0 0 0 9 9 9 9 9 9 9 9 9 9
 0 0 0 0 0 8 9 9 8 9 9 9 9 9 9
 8 8 8 8 8 8 8 8 8 8 9 9 9 9 9
 8 8 8 8 1 8 8 8 8 8 8 9 9 9 9
 1 1 1 1 1 1 8 8 8 8 8 8 9 9 9
 1 1 1 1 1 1 1 2 2 2 2 8 8 9 9
 8 1 1 1 1 1 1 2 2 2 2 8 8 8 9
# Turn information for samurai of side 0 with weapon 2
# <turn>
40
# <cure period>
0
# Samurai states: <position x> <position y> <hiding>
0 10 0
5 13 0
9 14 1
-1 -1 1
-1 -1 1
-1 -1 1
# Battle field states
 9 9 9 9 9 9 9 9 9 9 9 9 9 9 9
 9 9 9 9 9 9 9 9 9 9 9 9 9 9 9
 9 9 9 9 9 9 9 9 9 9 9 9 9 9 9
 9 9 9 9 9 9 9 9 9 9 9 9 9 9 9
 9 9 9 9 9 9 9 9 9 9 9 9 9 9 9
 8 9 9 9 9 9 9 9 9 9 9 9 9 9 9
 0 0 9 9 9 9 9 9 9 9 9 9 9 9 9
 0 0 0 9 9 9 9 9 9 9 9 9 9 9 9
 0 0 0 0 9 8 9 9 9 9 9 9 9 9 9
 0 0 0 0 0 8 8 9 9 8 9 9 9 9 9
 8 0 0 0 0 8 8 8 8 8 8 9 9 9 9
 8 8 8 8 1 1 8 8 8 8 8 8 9 9 9
 1 1 1 1 1 1 1 8 8 8 8 8 8 9 9
 1 1 1 1 1 1 1 1 2 2 2 8 8 8 9
 8 1 1 1 1 1 1 2 2 2 2 8 8 8 8
# Turn information for samurai of side 0 with weapon 2
# <turn>
47
# <cure period>
0
# Samurai states: <position x> <position y> <hiding>
0 11 0
5 12 1
8 13 1
-1 -1 1
-1 -1 1
-1 -1 1
# Battle field states
 9 9 9 9 9 9 9 9 9 9 9 9 9 9 9
 9 9 9 9 9 9 9 9 9 9 9 9 9 9 9
 9 9 9 9 9 9 9 9 9 9 9 9 9 9 9
 9 9 9 9 9 9 9 9 9 9 9 9 9 9 9
 9 9 9 9 9 9 9 9 9 9 9 9 9 9 9
 9 9 9 9 9 9 9 9 9 9 9 9 9 9 9
 0 9 9 9 9 9 9 9 9 9 9 9 9 9 9
 0 0 9 9 9 5 9 9 9 9 9 9 9 9 9
 0 0 0 9 5 5 5 9 8 9 9 9 9 9 9
 0 0 0 0 5 5 5 8 8 8 9 9 9 9 9
 8 0 0 0 0 1 8 8 8 8 8 9 9 9 9
 8 0 0 0 0 1 1 8 8 8 8 8 9 9 9
 1 1 1 1 1 1 1 1 8 8 8 8 8 9 9
 1 1 1 1 1 1 1 1 2 2 2 8 8 3 9
 8 1 1 1 1 1 1 2 2 2 2 8 8 9 9
# Turn information for samurai of side 0 with weapon 2
# <turn>
52
# <cure period>
0
# Samurai states: <position x> <position y> <hiding>
0 12 1
6 12 0
9 13 1
-1 -1 1
-1 -1 1
-1 -1 1
# Battle field states
 9 9 9 9 9 9 9 9 9 9 9 9 9 9 9
 9 9 9 9 9 9 9 9 9 9 9 9 9 9 9
 9 9 9 9 9 9 9 9 9 9 9 9 9 9 9
 9 9 9 9 9 9 9 9 9 9 9 9 9 9 9
 9 9 9 9 9 9 9 9 9 9 9 9 9 9 9
 9 9 9 9 9 9 9 9 9 9 9 9 9 9 9
 9 9 9 9 9 9 9 9 9 9 9 9 9 9 9
 0 9 9 9 9 9 5 9 9 9 9 9 9 9 9
 0 0 9 9 9 5 5 8 9 8 9 9 9 9 9
 0 0 0 9 5 5 5 8 8 8 8 9 9 9 9
 0 0 0 0 0 1 1 8 8 8 8 8 9 9 9
 0 0 0 0 0 1 1 1 8 8 8 8 8 9 9
 1 1 1 1 1 1 1 1 1 8 8 8 8 3 9
 1 1 1 1 1 1 1 1 2 2 2 8 8 3 8
 8 1 1 1 1 1 1 2 2 2 2 8 8 8 9
# Turn information for samurai of side 0 with weapon 2
# <turn>
59
# <cure period>
0
# Samurai states: <position x> <position y> <hiding>
0 12 1
0 14 0
8 13 0
-1 -1 1
-1 -1 1
-1 -1 1
# Battle field states
 9 9 9 9 9 9 9 9 9 9 9 9 9 9 9
 9 9 9 9 9 9 9 9 9 9 9 9 9 9 9
 9 9 9 9 9 9 9 9 9 9 9 9 9 9 9
 9 9 9 9 9 9 9 9 9 9 9 9 9 9 9
 9 9 9 9 9 9 9 9 9 9 9 9 9 9 9
 9 9 9 9 9 9 9 9 9 9 9 9 9 9 9
 9 9 9 9 9 9 9 9 9 9 9 9 9 9 9
 0 9 9 9 9 9 9 9 9 9 9 9 9 9 9
 0 0 9 9 9 9 9 9 8 9 9 9 9 9 9
 0 0 0 9 9 9 9 8 8 8 9 9 9 9 9
 0 0 0 0 9 9 5 1 8 8 8 9 9 9 9
 0 0 0 0 5 5 5 1 1 8 8 8 9 9 9
 1 0 0 0 0 1 1 1 2 2 2 8 8 9 9
 1 1 1 1 1 1 1 1 2 2 2 8 8 3 9
 8 1 1 1 1 1 1 2 2 2 2 8 8 9 9
# Turn information for samurai of side 0 with weapon 2
# <turn>
64
# <cure period>
0
# Samurai states: <position x> <position y> <hiding>
0 11 0
0 14 0
9 13 0
-1 -1 1
-1 -1 1
-1 -1 1
# Battle field states
 9 9 9 9 9 9 9 9 9 9 9 9 9 9 9
 9 9 9 9 9 9 9 9 9 9 9 9 9 9 9
 9 9 9 9 9 9 9 9 9 9 9 9 9 9 9
 9 9 9 9 9 9 9 9 9 9 9 9 9 9 9
 9 9 9 9 9 9 9 9 9 9 9 9 9 9 9
 9 9 9 9 9 9 9 9 9 9 9 9 9 9 9
 0 9 9 9 9 9 9 9 9 9 9 9 9 9 9
 0 0 9 9 9 9 9 9 9 9 9 9 9 9 9
 0 0 0 9 9 9 9 9 9 8 9 9 9 9 9
 0 0 0 0 9 9 9 9 8 8 8 9 9 9 9
 0 0 0 0 5 9 9 1 8 8 8 8 9 9 9
 0 0 0 0 0 5 5 1 1 8 8 8 8 9 9
 1 0 0 0 0 1 1 2 2 2 2 8 8 3 9
 1 1 1 1 1 1 1 2 2 2 2 8 8 3 8
 8 1 1 1 1 1 1 2 2 2 2 8 8 8 9
# Turn information for samurai of side 0 with weapon 2
# <turn>
71
# <cure period>
0
# Samurai states: <position x> <position y> <hiding>
1 11 1
0 14 0
9 14 1
-1 -1 1
-1 -1 1
-1 -1 1
# Battle field states
 9 9 9 9 9 9 9 9 9 9 9 9 9 9 9
 9 9 9 9 9 9 9 9 9 9 9 9 9 9 9
 9 9 9 9 9 9 9 9 9 9 9 9 9 9 9
 9 9 9 9 9 9 9 9 9 9 9 9 9 9 9
 9 9 9 9 9 9 9 9 9 9 9 9 9 9 9
 9 9 9 9 9 9 9 9 9 9 9 9 9 9 9
 9 0 9 9 9 9 9 9 9 9 9 9 9 9 9
 0 0 0 9 9 9 9 9 9 9 9 9 9 9 9
 0 0 0 0 9 9 9 9 9 9 9 9 9 9 9
 0 0 0 0 5 9 9 9 9 8 9 9 9 9 9
 0 0 0 0 5 5 9 9 8 8 8 9 9 9 9
 0 0 0 0 0 0 5 1 1 8 8 8 9 9 9
 1 0 0 0 5 1 5 2 2 2 2 8 8 9 9
 1 1 1 1 1 1 1 2 2 2 2 8 8 3 9
 8 1 1 1 1 1 1 2 2 2 2 8 8 8 8
# Turn information for samurai of side 0 with weapon 2
# <turn>
76
# <cure period>
0
# Samurai states: <position x> <position y> <hiding>
1 10 0
0 14 0
9 13 1
-1 -1 1
-1 -1 1
-1 -1 1
# Battle field states
 9 9 9 9 9 9 9 9 9 9 9 9 9 9 9
 9 9 9 9 9 9 9 9 9 9 9 9 9 9 9
 9 9 9 9 9 9 9 9 9 9 9 9 9 9 9
 9 9 9 9 9 9 9 9 9 9 9 9 9 9 9
 9 9 9 9 9 9 9 9 9 9 9 9 9 9 9
 9 0 9 9 9 9 9 9 9 9 9 9 9 9 9
 0 0 0 9 9 9 9 9 9 9 9 9 9 9 9
 0 0 0 0 9 9 9 9 9 9 9 9 9 9 9
 0 0 0 0 5 9 9 9 9 4 9 9 9 9 9
 0 0 0 0 5 5 9 9 8 4 4 9 9 9 9
 0 0 0 0 0 0 5 1 8 8 8 8 9 9 9
 0 0 0 0 0 0 5 1 1 8 8 8 8 9 9
 1 0 0 0 5 1 5 2 2 2 2 8 8 3 9
 1 1 1 1 1 1 1 2 2 2 2 8 8 3 8
 8 1 1 1 1 1 1 2 2 2 2 8 8 8 9
# Turn information for samurai of side 0 with weapon 2
# <turn>
83
# <cure period>
0
# Samurai states: <position x> <position y> <hiding>
1 9 1
0 13 1
10 13 0
-1 -1 1
-1 -1 1
-1 -1 1
# Battle field states
 9 9 9 9 9 9 9 9 9 9 9 9 9 9 9
 9 9 9 9 9 9 9 9 9 9 9 9 9 9 9
 9 9 9 9 9 9 9 9 9 9 9 9 9 9 9
 9 9 9 9 9 9 9 9 9 9 9 9 9 9 9
 9 8 9 9 9 9 9 9 9 9 9 9 9 9 9
 8 0 0 9 9 9 9 9 9 9 9 9 9 9 9
 0 0 0 0 9 9 9 9 9 9 9 9 9 9 9
 0 0 0 0 5 9 9 9 9 9 9 9 9 9 9
 0 0 0 0 5 5 9 9 9 9 4 9 9 9 9
 0 0 0 0 0 0 5 9 9 4 4 8 9 9 9
 0 0 0 0 0 0 9 9 8 4 8 8 8 9 9
 1 0 0 0 0 9 9 1 1 8 8 8 8 3 9
 1 1 0 0 5 9 5 2 2 2 2 8 8 3 8
 1 1 1 1 1 1 1 2 2 2 2 8 8 3 8
 8 1 1 1 1 9 1 2 2 2 2 8 8 8 8
# Turn information for samurai of side 0 with weapon 2
# <turn>
88
# <cure period>
0
# Samurai states: <position x> <position y> <hiding>
1 8 0
0 12 0
11 13 0
-1 -1 1
-1 -1 1
-1 -1 1
# Battle field states
 9 9 9 9 9 9 9 9 9 9 9 9 9 9 9
 9 9 9 9 9 9 9 9 9 9 9 9 9 9 9
 9 9 9 9 9 9 9 9 9 9 9 9 9 9 9
 9 8 9 9 9 9 9 9 9 9 9 9 9 9 9
 8 8 8 9 9 9 9 9 9 9 9 9 9 9 9
 8 0 0 0 9 9 9 9 9 9 9 9 9 9 9
 0 0 0 0 5 9 9 9 9 9 9 9 9 9 9
 0 0 0 0 5 5 9 9 9 9 9 9 9 9 9
 0 0 0 0 0 0 5 9 9 9 9 4 9 9 9
 0 0 0 0 0 0 9 9 9 9 4 4 8 9 9
 1 0 0 0 0 9 9 9 9 4 4 8 8 3 9
 1 1 0 0 0 9 9 9 1 4 8 8 8 3 8
 1 1 1 0 5 1 9 2 2 2 2 8 2 3 8
 1 1 1 1 1 9 1 2 2 2 2 8 2 3 8
 8 1 1 1 9 9 9 2 2 2 2 2 2 8 8
# Turn information for samurai of side 0 with weapon 2
# <turn>
95
# <cure period>
0
# Samurai states: <position x> <position y> <hiding>
1 7 1
1 12 1
12 13 0
-1 -1 1
-1 -1 1
-1 -1 1
# Battle field states
 9 9 9 9 9 9 9 9 9 9 9 9 9 9 9
 9 9 9 9 9 9 9 9 9 9 9 9 9 9 9
 9 8 9 9 9 9 9 9 9 9 9 9 9 9 9
 8 8 8 9 9 9 9 9 9 9 9 9 9 9 9
 8 8 8 8 9 9 9 9 9 9 9 9 9 9 9
 8 0 0 0 5 9 9 9 9 9 9 9 9 9 9
 0 0 0 0 5 5 9 9 9 9 9 9 9 9 9
 0 0 0 0 0 0 5 9 9 9 9 9 9 9 9
 0 0 0 0 0 0 9 9 9 9 9 9 8 9 9
 0 0 0 0 0 9 9 9 9 9 9 4 8 3 9
 1 1 0 0 0 9 9 9 9 9 4 8 8 3 3
 1 1 1 0 0 0 9 9 9 4 8 8 8 3 8
 1 1 1 1 5 1 5 9 2 2 2 2 2 3 8
 1 1 1 1 1 1 9 2 2 2 2 8 2 3 8
 8 1 1 1 1 9 9 9 2 2 2 2 2 8 8
# Turn information for samurai of side 0 with weapon 2
# <turn>
100
# <cure period>
0
# Samurai states: <position x> <position y> <hiding>
1 6 0
2 12 0
14 12 0
-1 -1 1
-1 -1 1
-1 -1 1
# Battle field states
 9 9 9 9 9 9 9 9 9 9 9 9 9 9 9
 9 8 9 9 9 9 9 9 9 9 9 9 9 9 9
 8 0 8 9 9 9 9 9 9 9 9 9 9 9 9
 8 0 8 8 9 9 9 9 9 9 9 9 9 9 9
 8 0 8 8 5 9 9 9 9 9 9 9 9 9 9
 8 0 0 0 5 5 9 9 9 9 9 9 9 9 9
 0 0 0 0 5 5 5 9 9 9 9 9 9 9 9
 0 0 0 0 0 0 9 9 9 9 9 9 9 9 3
 0 0 0 0 0 9 9 9 9 9 9 9 9 3 3
 0 0 0 0 0 9 9 9 9 9 9 9 8 3 3
 1 1 1 0 0 0 9 9 9 9 9 8 8 3 3
 1 1 1 1 0 0 5 9 9 9 8 8 8 3 8
 1 1 1 1 1 1 5 2 9 2 2 2 2 3 8
 1 1 1 1 1 1 1 9 9 9 2 8 2 3 8
 8 1 1 1 1 1 9 9 9 9 9 2 2 8 8
# Turn information for samurai of side 0 with weapon 2
# <turn>
107
# <cure period>
0
# Samurai states: <position x> <position y> <hiding>
2 6 1
2 11 1
13 12 0
-1 -1 1
-1 -1 1
2 1 0
# Battle field states
 9 9 9 9 9 9 9 9 9 9 9 9 9 9 9
 9 9 5 9 9 9 9 9 9 9 9 9 9 9 9
 9 5 5 5 9 9 9 9 9 9 9 9 9 9 9
 8 0 8 8 5 9 9 9 9 9 9 9 9 9 9
 8 0 8 8 5 5 9 9 9 9 9 9 9 9 9
 8 0 0 0 5 5 5 9 9 9 9 9 9 9 9
 0 0 0 0 0 0 0 8 9 9 9 9 9 9 9
 0 0 0 0 0 0 5 9 9 9 9 9 9 3 9
 0 0 0 0 0 0 9 9 9 9 9 9 8 3 3
 0 0 1 0 0 0 9 9 9 9 9 4 8 3 3
 1 1 1 1 0 0 4 9 9 9 4 8 8 3 3
 1 1 1 1 1 0 5 4 9 4 4 8 8 2 2
 1 1 1 1 1 1 5 9 4 4 2 2 2 2 8
 1 1 1 1 1 1 9 9 9 2 2 8 2 2 2
 8 1 1 1 1 9 9 9 9 9 2 2 2 8 8
# Turn information for samurai of side 0 with weapon 2
# <turn>
112
# <cure period>
0
# Samurai states: <position x> <position y> <hiding>
2 5 0
3 11 0
12 12 0
-1 -1 1
7 11 0
-1 -1 1
# Battle field states
 9 9 5 9 9 9 9 9 9 9 9 9 9 9 9
 9 5 0 5 9 9 9 9 9 9 9 9 9 9 9
 8 5 0 5 5 9 9 9 9 9 9 9 9 9 9
 8 0 0 8 5 5 9 9 9 9 9 9 9 9 9
 8 0 0 8 5 5 5 9 9 9 9 9 9 9 9
 8 0 0 0 5 5 5 8 9 9 9 9 9 9 9
 0 0 0 0 0 0 0 9 9 9 9 9 9 9 9
 0 0 0 0 0 0 9 9 9 9 9 9 4 9 9
 0 0 0 0 0 0 9 9 9 9 9 4 8 3 9
 0 0 1 1 0 0 4 9 9 9 4 4 8 3 3
 1 1 1 1 1 0 4 4 9 4 4 8 8 3 3
 1 1 1 1 1 1 4 4 4 4 4 8 8 2 2
 1 1 1 1 1 1 4 4 4 4 2 2 2 2 8
 1 1 1 1 1 1 1 9 4 2 2 8 2 2 2
 9 1 1 1 1 1 9 9 9 2 2 2 2 8 8
# Turn information for samurai of side 0 with weapon 2
# <turn>
119
# <cure period>
0
# Samurai states: <position x> <position y> <hiding>
3 5 1
0 14 0
13 12 1
-1 -1 1
-1 -1 1
-1 -1 1
# Battle field states
 9 9 9 5 9 9 9 9 9 9 9 9 9 9 9
 9 9 0 5 5 9 9 9 9 9 9 9 9 9 9
 9 5 0 5 5 5 9 9 9 9 9 9 9 9 9
 8 0 0 8 5 5 5 9 9 9 9 9 9 9 9
 8 0 0 8 5 5 5 8 9 9 9 9 9 9 9
 8 0 0 0 0 0 0 0 4 9 9 9 9 9 9
 0 0 0 0 0 0 0 8 9 9 9 9 9 9 9
 0 0 0 0 0 0 5 9 9 9 9 9 9 3 9
 9 0 0 0 0 0 9 9 9 9 9 9 8 3 3
 0 9 1 1 1 9 9 9 9 9 9 4 8 3 3
 1 1 9 1 9 9 9 9 9 9 4 8 8 3 3
 1 1 1 9 9 9 9 9 9 4 4 2 2 2 2
 1 1 1 1 9 9 9 9 4 4 2 2 2 2 8
 1 1 1 1 1 9 9 9 9 2 2 2 2 2 2
 8 1 1 1 1 1 9 9 9 9 2 2 2 8 8
# Turn information for samurai of side 0 with weapon 2
# <turn>
124
# <cure period>
0
# Samurai states: <position x> <position y> <hiding>
3 5 1
0 14 0
14 10 0
-1 -1 1
-1 -1 1
-1 -1 1
# Battle field states
 9 9 9 5 9 9 9 9 9 9 9 9 9 9 9
 9 9 0 0 5 9 9 9 9 9 9 9 9 9 9
 9 5 0 0 5 5 9 9 9 9 9 9 9 9 9
 8 0 0 0 5 5 5 9 9 9 9 9 9 9 9
 8 0 0 0 5 5 5 8 9 9 9 9 9 9 9
 8 0 0 0 0 0 0 0 4 9 9 9 9 9 3
 0 0 0 0 0 0 0 8 9 9 9 9 9 3 3
 0 0 0 0 0 0 5 9 9 9 9 9 4 3 3
 9 0 0 0 0 0 9 9 9 9 9 4 8 3 3
 0 9 1 1 1 9 9 9 9 9 4 4 8 3 3
 1 1 9 1 9 9 9 9 9 4 4 8 8 3 3
 1 1 1 9 9 9 9 9 9 9 4 2 2 2 2
 1 1 1 1 9 9 9 9 9 9 9 2 2 2 8
 1 1 1 1 1 9 9 9 9 9 9 9 2 2 2
 8 1 1 1 1 1 9 9 9 9 9 9 9 8 8
# Turn information for samurai of side 0 with weapon 2
# <turn>
131
# <cure period>
0
# Samurai states: <position x> <position y> <hiding>
4 5 0
0 14 0
13 10 0
-1 -1 1
-1 -1 1
-1 -1 1
# Battle field states
 9 9 9 9 5 9 9 9 9 9 9 9 9 9 9
 9 9 9 0 5 5 9 9 9 9 9 9 9 9 9
 9 9 0 0 5 5 5 9 9 9 9 9 9 9 9
 9 0 0 0 0 5 5 8 9 9 9 9 9 9 9
 8 0 0 0 0 5 5 8 8 9 9 9 9 9 9
 8 0 0 0 0 0 0 0 4 4 9 9 9 4 9
 0 0 0 0 0 0 0 8 4 9 9 9 3 3 3
 9 0 0 0 0 0 5 4 9 9 9 4 4 3 3
 9 9 0 0 0 0 5 9 9 9 4 4 8 3 3
 0 9 9 1 1 4 9 9 9 4 4 4 8 3 3
 1 1 9 9 4 9 9 9 4 4 4 8 8 3 3
 1 1 1 9 9 9 9 9 9 4 4 2 2 2 2
 1 1 1 4 9 9 9 9 9 9 2 2 2 2 8
 1 1 1 1 4 9 9 9 9 9 9 2 2 2 2
 8 1 1 1 1 4 9 9 9 9 9 9 2 8 8
# Turn information for samurai of side 0 with weapon 2
# <turn>
136
# <cure period>
0
# Samurai states: <position x> <position y> <hiding>
5 5 1
0 14 0
13 9 0
-1 -1 1
-1 -1 1
5 0 0
# Battle field states
 9 9 9 9 9 5 9 9 9 9 9 9 9 9 9
 9 9 9 9 5 0 5 9 9 9 9 9 9 9 9
 9 9 9 0 5 0 5 8 9 9 9 9 9 9 9
 9 9 0 0 0 0 5 8 8 9 9 9 9 9 9
 9 0 0 0 0 0 5 8 8 4 9 9 9 4 9
 8 0 0 0 0 0 0 0 4 4 4 9 3 4 3
 9 0 0 0 0 0 0 8 4 4 9 3 3 3 3
 9 9 0 0 0 0 5 4 4 9 4 4 4 3 3
 9 9 9 0 0 0 5 4 9 4 4 4 8 3 3
 0 9 9 9 1 4 4 9 4 4 4 4 2 2 2
 1 1 9 9 9 4 9 9 9 4 4 8 2 3 2
 1 1 1 9 9 9 9 9 9 9 4 2 2 2 2
 1 1 4 4 9 9 9 9 9 9 9 2 2 2 8
 1 1 1 4 4 9 9 9 9 9 9 9 2 2 2
 8 1 1 1 4 4 9 9 9 9 9 9 9 8 9
# Turn information for samurai of side 0 with weapon 2
# <turn>
143
# <cure period>
0
# Samurai states: <position x> <position y> <hiding>
6 5 0
1 14 1
13 9 0
-1 -1 1
-1 -1 1
-1 -1 1
# Battle field states
 9 9 9 9 9 9 5 9 9 9 9 9 9 9 9
 9 9 9 9 9 0 0 8 9 9 9 9 9 9 9
 9 9 9 9 5 0 0 8 8 9 9 9 9 9 9
 9 9 9 0 0 0 0 8 8 4 9 9 9 9 9
 9 9 0 0 0 0 0 8 8 4 4 9 9 4 9
 9 0 0 0 0 0 0 0 4 4 4 4 3 4 3
 9 9 0 0 0 0 0 8 4 4 3 3 3 3 3
 9 9 9 0 0 0 5 4 4 4 4 4 4 3 3
 9 9 9 9 0 0 5 4 4 4 4 4 8 3 3
 9 0 9 9 9 4 4 4 4 4 4 4 2 2 2
 1 1 1 9 9 9 4 9 9 4 4 8 2 3 2
 1 1 4 4 9 9 9 9 9 9 4 2 2 2 2
 1 1 4 4 4 9 9 9 9 9 9 2 2 2 8
 1 1 1 4 4 4 9 9 9 9 9 9 2 2 2
 8 1 1 1 4 4 1 9 9 9 9 9 9 8 9
# Turn information for samurai of side 0 with weapon 2
# <turn>
148
# <cure period>
0
# Samurai states: <position x> <position y> <hiding>
6 6 1
2 14 0
13 10 0
-1 -1 1
-1 -1 1
-1 -1 1
# Battle field states
 9 9 9 9 9 9 9 9 9 9 9 9 9 9 9
 9 9 9 9 9 9 0 9 9 9 9 9 9 9 9
 9 9 9 9 9 0 0 8 9 9 9 9 9 9 9
 9 9 9 9 0 0 0 8 8 9 9 9 9 9 9
 9 9 9 0 0 0 0 8 8 4 9 9 9 9 9
 9 9 0 0 0 0 0 0 4 4 4 9 9 4 9
 9 0 0 0 0 0 0 8 4 4 3 3 3 3 3
 9 9 0 0 0 0 0 4 4 4 4 4 4 3 3
 9 9 9 0 4 0 0 4 4 4 4 4 2 2 2
 9 9 1 9 4 4 0 4 4 4 4 4 2 2 2
 9 1 4 4 9 4 0 4 4 4 4 8 2 2 2
 1 1 4 4 4 9 1 9 9 4 4 2 2 2 2
 1 1 1 4 4 4 9 9 9 9 2 2 2 2 8
 1 1 1 1 4 4 4 9 9 9 9 2 2 2 2
 8 1 1 1 1 4 1 2 9 9 9 9 2 8 8
# Turn information for samurai of side 0 with weapon 2
# <turn>
155
# <cure period>
0
# Samurai states: <position x> <position y> <hiding>
6 6 1
3 14 1
13 9 0
-1 -1 1
5 10 0
-1 -1 1
# Battle field states
 9 9 9 9 9 9 9 9 9 9 9 9 9 9 9
 9 9 9 9 9 9 5 9 9 9 9 9 9 9 9
 9 9 9 9 9 0 0 8 9 9 9 9 9 9 9
 9 9 9 9 0 0 0 8 8 9 9 9 9 9 9
 9 9 9 0 0 0 0 8 8 4 9 9 9 4 9
 9 9 0 0 0 0 0 0 4 4 4 9 3 4 3
 9 0 0 0 0 0 0 0 0 0 0 3 3 3 3
 9 9 0 0 0 0 0 4 4 4 4 4 4 3 3
 9 9 9 0 4 4 0 4 4 4 4 4 2 2 2
 9 9 9 4 4 4 4 4 4 4 4 4 2 2 2
 9 9 4 4 4 4 4 4 9 4 4 8 2 2 2
 9 1 4 4 4 4 1 9 9 9 4 2 2 2 2
 1 1 1 1 4 4 4 9 9 9 9 2 2 2 8
 1 1 1 1 1 4 4 4 9 9 9 9 2 2 2
 8 1 1 1 1 1 1 2 2 9 9 9 9 8 9
# Turn information for samurai of side 0 with weapon 2
# <turn>
160
# <cure period>
0
# Samurai states: <position x> <position y> <hiding>
6 7 0
3 13 0
13 8 0
-1 -1 1
-1 -1 1
-1 -1 1
# Battle field states
 9 9 9 9 9 9 9 9 9 9 9 9 9 9 9
 9 9 9 9 9 9 9 9 9 9 9 9 9 9 9
 9 9 9 9 9 9 0 9 9 9 9 9 9 9 9
 9 9 9 9 9 0 0 8 9 9 9 9 9 4 9
 9 9 9 9 0 0 0 8 8 9 9 9 3 4 3
 9 9 9 0 0 0 0 0 4 4 9 4 3 4 3
 9 9 0 0 0 0 0 0 0 0 0 3 3 3 3
 9 0 0 0 0 4 0 0 0 0 0 4 4 3 3
 9 9 0 0 4 4 4 4 4 4 4 4 2 2 2
 9 9 1 4 4 4 4 4 4 4 4 4 2 2 2
 9 1 4 4 4 4 4 4 4 9 4 8 2 2 2
 1 1 4 1 4 4 1 4 9 9 9 2 2 2 2
 1 1 1 1 1 4 4 4 9 9 9 9 2 2 8
 1 1 1 1 1 1 4 4 4 9 9 9 9 2 9
 8 1 1 1 1 1 1 2 9 9 9 9 9 9 9
# Turn information for samurai of side 0 with weapon 2
# <turn>
167
# <cure period>
0
# Samurai states: <position x> <position y> <hiding>
7 7 1
4 13 1
13 7 0
-1 -1 1
5 10 0
-1 -1 1
# Battle field states
 9 9 9 9 9 9 9 9 9 9 9 9 9 9 9
 9 9 9 9 9 9 9 9 9 9 9 9 9 9 9
 9 9 9 9 9 9 9 5 9 9 9 9 9 4 9
 9 9 9 9 9 9 5 5 8 9 9 9 3 4 3
 9 9 9 9 9 0 0 8 8 4 9 4 3 4 3
 9 9 9 9 0 0 0 0 4 4 4 4 3 4 3
 9 9 9 0 0 0 0 0 0 0 0 3 2 2 2
 9 9 0 0 0 4 0 0 0 0 0 4 2 3 3
 9 9 9 0 4 4 4 0 4 4 4 4 2 2 2
 9 9 9 4 4 4 4 0 4 4 4 4 2 2 2
 9 9 4 4 4 4 4 4 4 4 9 8 2 2 2
 9 1 4 1 1 4 4 0 4 9 9 9 2 2 2
 1 1 1 1 1 4 4 4 4 9 9 9 9 2 9
 1 1 1 1 1 1 1 4 4 2 9 9 9 9 9
 8 1 1 1 1 1 1 2 2 9 9 9 9 9 9
# Turn information for samurai of side 0 with weapon 2
# <turn>
172
# <cure period>
0
# Samurai states: <position x> <position y> <hiding>
7 8 0
4 12 0
14 7 0
-1 -1 1
-1 -1 1
-1 -1 1
# Battle field states
 9 9 9 9 9 9 9 9 9 9 9 9 9 9 9
 9 9 9 9 9 9 9 9 9 9 9 9 9 9 9
 9 9 9 9 9 9 9 9 9 9 9 9 9 9 3
 9 9 9 9 9 9 9 5 9 9 9 9 9 4 3
 9 9 9 9 9 9 0 8 8 9 9 9 3 4 3
 9 9 9 9 9 0 0 0 4 4 9 4 3 4 3
 9 9 9 9 0 0 0 0 0 0 0 3 2 2 2
 9 9 9 0 0 4 0 0 0 0 0 4 2 3 2
 9 9 0 0 4 4 4 0 0 0 0 0 2 2 2
 9 9 1 4 4 4 4 0 4 4 4 4 2 2 2
 9 1 4 4 1 4 4 4 4 4 4 9 2 2 2
 1 1 4 4 1 1 4 0 4 4 9 9 9 2 2
 1 1 1 1 4 1 1 4 4 4 9 9 9 9 8
 1 1 1 1 1 4 1 4 4 9 9 9 9 9 9
 9 1 1 1 1 1 1 2 9 9 9 9 9 9 9
# Turn information for samurai of side 0 with weapon 2
# <turn>
179
# <cure period>
0
# Samurai states: <position x> <position y> <hiding>
7 9 1
4 11 1
14 8 0
-1 -1 1
-1 -1 1
-1 -1 1
# Battle field states
 9 9 9 9 9 9 9 9 9 9 9 9 9 9 9
 9 9 9 9 9 9 9 9 9 9 9 9 9 9 9
 9 9 9 9 9 9 9 9 9 9 9 9 9 9 9
 9 9 9 9 9 9 9 9 9 9 9 9 9 9 3
 9 9 9 9 9 9 9 5 9 9 9 9 9 4 3
 9 9 9 9 9 9 5 5 4 9 9 9 3 4 3
 9 9 9 9 0 0 0 0 0 0 9 3 2 2 2
 9 9 9 0 0 4 0 0 0 0 0 4 2 3 2
 9 9 0 0 4 4 4 0 0 0 0 0 2 2 2
 9 0 1 4 1 4 4 0 0 0 0 0 2 2 2
 1 1 4 1 1 4 4 4 4 4 4 8 2 2 2
 1 1 1 1 1 1 4 0 4 4 4 9 2 2 2
 1 1 1 1 4 1 1 4 4 4 9 9 9 2 8
 9 1 1 1 1 4 1 4 4 9 9 9 9 9 2
 9 9 1 1 1 1 1 2 9 9 9 9 9 9 9
# Turn information for samurai of side 0 with weapon 2
# <turn>
184
# <cure period>
0
# Samurai states: <position x> <position y> <hiding>
8 9 0
5 11 0
14 8 0
-1 -1 1
-1 -1 1
-1 -1 1
# Battle field states
 9 9 9 9 9 9 9 9 9 9 9 9 9 9 9
 9 9 9 9 9 9 9 9 9 9 9 9 9 9 9
 9 9 9 9 9 9 9 9 9 9 9 9 9 9 9
 9 9 9 9 9 9 9 9 9 9 9 9 9 9 3
 9 9 9 9 9 9 9 9 8 9 9 9 9 4 3
 9 9 9 9 9 9 9 5 4 4 9 9 3 4 3
 9 9 9 9 9 0 0 0 0 0 0 3 2 2 2
 9 9 9 9 0 4 0 0 0 0 0 4 2 2 2
 9 9 9 0 4 4 4 0 0 0 0 0 2 2 2
 9 9 1 4 1 1 4 0 0 0 0 0 2 2 2
 9 1 4 1 1 1 1 4 0 4 4 8 2 2 2
 1 1 1 1 1 1 1 1 0 4 4 2 2 2 2
 9 1 1 1 4 1 1 4 0 4 2 9 9 2 8
 9 9 1 1 1 4 1 4 0 2 9 9 9 9 2
 9 9 9 1 1 1 1 2 2 9 9 9 9 9 9
# Turn information for samurai of side 0 with weapon 2
# <turn>
191
# <cure period>
0
# Samurai states: <position x> <position y> <hiding>
8 10 1
5 10 1
13 6 1
-1 -1 1
-1 -1 1
-1 -1 1
# Battle field states
 9 9 9 9 9 9 9 9 9 9 9 9 9 9 9
 9 9 9 9 9 9 9 9 9 9 9 9 9 3 9
 9 9 9 9 9 9 9 9 9 9 9 9 3 3 3
 9 9 9 9 9 9 9 9 9 9 9 3 3 4 3
 9 9 9 9 9 9 9 9 9 9 4 3 3 4 3
 9 9 9 9 9 5 9 9 4 4 4 3 3 4 3
 9 9 9 9 0 5 5 5 0 0 0 3 2 2 2
 9 9 9 0 0 5 5 5 0 0 0 4 2 2 2
 9 9 0 0 4 1 4 0 0 0 0 0 2 2 2
 9 0 1 4 1 1 1 0 0 0 0 0 2 2 2
 1 1 4 1 1 1 1 1 0 0 0 0 0 2 2
 9 1 1 1 1 1 1 1 0 4 4 2 2 2 9
 9 9 1 1 4 1 1 4 0 4 2 2 9 9 9
 9 9 9 1 1 4 1 4 0 2 2 9 9 9 9
 9 9 9 9 1 1 1 2 2 2 9 9 9 9 9
