# <# turns> <side> <weapon> <width> <height> <cure period>
510 0 1 15 15 30
# Home positions
0 5
0 14
9 14
14 9
14 0
5 0
# Ranks and scores of samurai
2 40
5 24
3 31
1 80
0 93
4 28
# Turn information for samurai of side 0 with weapon 1
# <turn>
3
# <cure period>
0
# Samurai states: <position x> <position y> <hiding>
0 5 0
0 14 0
9 14 0
-1 -1 1
-1 -1 1
-1 -1 1
# Battle field states
 8 9 9 9 9 9 9 9 9 9 9 9 9 9 9
 8 8 9 9 9 9 9 9 9 9 9 9 9 9 9
 8 8 8 9 9 9 9 9 9 9 9 9 9 9 9
 8 8 8 8 9 9 9 9 9 9 9 9 9 9 9
 8 8 8 8 8 9 9 9 9 9 9 9 9 9 9
 8 8 8 8 8 8 9 9 9 9 9 9 9 9 9
 0 8 8 8 8 9 9 9 9 9 9 9 9 9 9
 0 8 8 8 9 9 9 9 9 9 9 9 9 9 9
 0 8 8 9 9 9 9 9 9 9 9 9 9 9 9
 0 8 9 9 9 9 9 9 9 8 9 9 9 9 9
 8 8 9 9 9 9 9 9 8 8 8 9 9 9 9
 8 8 8 9 9 9 9 8 8 8 8 8 9 9 9
 8 8 8 8 9 9 8 8 8 8 8 8 8 9 9
 8 8 8 8 8 8 8 8 8 8 8 8 8 8 9
 8 8 8 8 8 8 8 8 8 8 8 8 8 8 8
# Turn information for samurai of side 0 with weapon 1
# <turn>
8
# <cure period>
0
# Samurai states: <position x> <position y> <hiding>
0 6 1
0 14 0
9 13 0
-1 -1 1
-1 -1 1
-1 -1 1
# Battle field states
 9 9 9 9 9 9 9 9 9 9 9 9 9 9 9
 8 9 9 9 9 9 9 9 9 9 9 9 9 9 9
 8 8 9 9 9 9 9 9 9 9 9 9 9 9 9
 8 8 8 9 9 9 9 9 9 9 9 9 9 9 9
 8 8 8 8 9 9 9 9 9 9 9 9 9 9 9
 8 0 0 0 0 9 9 9 9 9 9 9 9 9 9
 0 8 8 8 8 8 9 9 9 9 9 9 9 9 9
 0 8 8 8 8 9 9 9 9 9 9 9 9 9 9
 0 8 8 8 9 9 9 9 9 8 9 9 9 9 9
 0 8 8 9 9 9 9 9 8 8 8 9 9 9 9
 8 8 9 9 9 9 9 8 8 8 8 8 9 9 9
 8 8 8 9 9 9 8 8 8 8 8 8 8 9 9
 1 8 8 8 9 8 8 8 2 2 2 8 8 8 9
 1 1 8 8 8 8 8 8 2 8 2 8 8 8 3
 8 1 1 8 8 8 8 8 2 8 2 8 8 8 9
# Turn information for samurai of side 0 with weapon 1
# <turn>
15
# <cure period>
0
# Samurai states: <position x> <position y> <hiding>
0 6 1
1 14 1
10 13 1
-1 -1 1
-1 -1 1
-1 -1 1
# Battle field states
 9 9 9 9 9 9 9 9 9 9 9 9 9 9 9
 8 9 9 9 9 9 9 9 9 9 9 9 9 9 9
 8 8 9 9 9 9 9 9 9 9 9 9 9 9 9
 8 8 8 9 9 9 9 9 9 9 9 9 9 9 9
 8 8 8 8 9 9 9 9 9 9 9 9 9 9 9
 8 0 0 0 0 9 9 9 9 9 9 9 9 9 9
 0 0 0 0 0 8 9 9 9 9 9 9 9 9 9
 0 8 8 8 8 9 9 9 9 9 9 9 9 9 9
 0 8 8 8 9 9 9 9 9 9 8 9 9 9 9
 0 8 8 9 9 9 9 9 9 8 8 8 9 9 9
 8 8 8 9 9 9 9 9 8 8 3 3 3 9 9
 8 8 8 8 9 9 9 8 8 8 8 8 8 8 9
 1 1 8 8 8 9 8 8 2 2 2 2 8 8 3
 1 1 1 8 8 8 8 8 2 2 2 2 8 8 3
 8 1 1 1 8 8 8 8 2 2 2 2 8 8 8
# Turn information for samurai of side 0 with weapon 1
# <turn>
20
# <cure period>
0
# Samurai states: <position x> <position y> <hiding>
0 7 0
2 14 0
11 13 0
14 11 0
-1 -1 1
-1 -1 1
# Battle field states
 9 9 9 9 9 9 9 9 9 9 9 9 9 9 9
 9 9 9 9 9 9 9 9 9 9 9 9 9 9 9
 8 9 9 9 9 9 9 9 9 9 9 9 9 9 9
 8 8 9 9 9 9 9 9 9 9 9 9 9 9 9
 8 8 8 9 9 9 9 9 9 9 9 9 9 9 9
 8 0 0 0 9 9 9 9 9 9 9 9 9 9 9
 0 0 0 0 0 9 9 9 9 9 9 9 9 9 9
 0 0 0 0 0 8 9 9 9 9 9 9 9 9 9
 0 8 8 8 8 9 9 9 9 9 9 8 9 9 9
 0 8 8 8 9 9 9 9 9 9 8 8 8 9 9
 8 8 8 8 9 9 9 9 9 8 3 3 3 3 9
 8 8 8 8 8 9 9 9 8 8 3 3 3 3 3
 1 1 1 8 8 8 9 8 2 2 2 2 2 8 3
 1 1 1 1 8 8 8 8 2 2 2 2 2 8 3
 8 1 1 1 1 8 8 8 2 2 2 2 2 8 8
# Turn information for samurai of side 0 with weapon 1
# <turn>
27
# <cure period>
0
# Samurai states: <position x> <position y> <hiding>
0 8 1
3 14 1
12 13 1
-1 -1 1
-1 -1 1
-1 -1 1
# Battle field states
 9 9 9 9 9 9 9 9 9 9 9 9 9 9 9
 9 9 9 9 9 9 9 9 9 9 9 9 9 9 9
 9 9 9 9 9 9 9 9 9 9 9 9 9 9 9
 8 9 9 9 9 9 9 9 9 9 9 9 9 9 9
 8 8 9 9 9 9 9 9 9 9 9 9 9 9 9
 8 0 0 9 9 9 9 9 9 9 9 9 9 9 9
 0 0 0 0 9 9 9 9 9 9 9 9 9 9 9
 0 0 0 0 0 9 9 9 9 9 9 9 9 9 9
 0 0 0 0 0 8 9 9 9 9 9 9 8 9 9
 0 8 8 8 8 9 9 9 9 9 9 8 8 8 9
 8 8 8 8 8 9 9 9 9 9 3 3 3 3 3
 8 8 8 8 8 8 9 9 9 8 3 3 3 3 3
 1 1 1 1 8 8 8 9 2 2 3 3 3 3 3
 1 1 1 1 1 8 8 8 2 2 2 2 2 2 3
 8 1 1 1 1 1 8 8 2 2 2 2 2 2 8
# Turn information for samurai of side 0 with weapon 1
# <turn>
32
# <cure period>
0
# Samurai states: <position x> <position y> <hiding>
0 9 0
4 14 0
13 13 0
14 9 0
-1 -1 1
-1 -1 1
# Battle field states
 9 9 9 9 9 9 9 9 9 9 9 9 9 9 9
 9 9 9 9 9 9 9 9 9 9 9 9 9 9 9
 9 9 9 9 9 9 9 9 9 9 9 9 9 9 9
 9 9 9 9 9 9 9 9 9 9 9 9 9 9 9
 8 9 9 9 9 9 9 9 9 9 9 9 9 9 9
 8 0 9 9 9 9 9 9 9 9 9 9 9 9 9
 0 0 0 9 9 9 9 9 9 9 9 9 9 9 9
 0 0 0 0 9 9 9 9 9 9 9 9 9 9 9
 0 0 0 0 0 9 9 9 9 9 9 9 9 8 9
 0 0 0 0 0 8 9 9 9 9 9 9 8 8 8
 8 8 8 8 8 8 9 9 9 9 9 3 3 3 3
 8 8 8 8 8 8 8 9 9 9 3 3 3 3 3
 1 1 1 1 1 8 8 8 9 2 3 3 2 2 2
 1 1 1 1 1 1 8 8 2 2 2 2 2 2 2
 8 1 1 1 1 1 1 8 2 2 2 2 2 2 2
# Turn information for samurai of side 0 with weapon 1
# <turn>
39
# <cure period>
0
# Samurai states: <position x> <position y> <hiding>
0 10 0
5 14 1
13 12 1
14 9 0
-1 -1 1
-1 -1 1
# Battle field states
 9 9 9 9 9 9 9 9 9 9 9 9 9 9 9
 9 9 9 9 9 9 9 9 9 9 9 9 9 9 9
 9 9 9 9 9 9 9 9 9 9 9 9 9 9 9
 9 9 9 9 9 9 9 9 9 9 9 9 9 9 9
 9 9 9 9 9 9 9 9 9 9 9 9 9 9 9
 8 9 9 9 9 9 9 9 9 9 9 9 9 9 9
 0 0 9 9 9 9 9 9 9 9 9 9 9 9 9
 0 0 0 9 9 9 9 9 9 9 9 9 9 4 9
 0 0 0 0 9 9 9 9 9 9 9 9 8 8 3
 0 0 0 0 0 8 9 9 9 9 9 8 8 8 8
 8 0 0 0 0 8 8 9 9 9 3 3 3 3 3
 8 8 8 8 8 8 8 8 9 8 3 3 2 2 2
 1 1 1 1 1 1 8 8 2 2 3 3 2 2 2
 1 1 1 1 1 1 1 8 2 2 2 2 2 2 2
 8 1 1 1 1 1 1 1 2 2 2 2 2 2 2
# Turn information for samurai of side 0 with weapon 1
# <turn>
44
# <cure period>
0
# Samurai states: <position x> <position y> <hiding>
0 11 0
5 13 0
13 11 0
14 9 0
-1 -1 1
-1 -1 1
# Battle field states
 9 9 9 9 9 9 9 9 9 9 9 9 9 9 9
 9 9 9 9 9 9 9 9 9 9 9 9 9 9 9
 9 9 9 9 9 9 9 9 9 9 9 9 9 9 9
 9 9 9 9 9 9 9 9 9 9 9 9 9 9 9
 9 9 9 9 9 9 9 9 9 9 9 9 9 9 9
 9 9 9 9 9 9 9 9 9 9 9 9 9 9 9
 0 9 9 9 9 9 9 9 9 9 9 9 9 4 9
 0 0 9 9 9 9 9 9 9 9 9 9 8 4 3
 0 0 0 9 9 5 9 9 9 9 9 8 8 8 3
 0 0 0 0 0 8 8 9 9 9 8 8 8 8 8
 8 0 0 0 0 8 8 8 9 8 3 3 2 2 2
 8 0 0 0 0 1 8 8 8 8 3 3 2 2 2
 1 1 1 1 1 1 1 8 2 2 3 3 2 2 2
 1 1 1 1 1 1 1 1 2 2 2 2 2 2 2
 8 1 1 1 1 1 1 1 2 2 9 2 2 2 2
# Turn information for samurai of side 0 with weapon 1
# <turn>
51
# <cure period>
0
# Samurai states: <position x> <position y> <hiding>
0 12 1
5 12 1
13 10 1
14 9 0
13 7 0
-1 -1 1
# Battle field states
 9 9 9 9 9 9 9 9 9 9 9 9 9 9 9
 9 9 9 9 9 9 9 9 9 9 9 9 9 9 9
 9 9 9 9 9 9 9 9 9 9 9 9 9 9 9
 9 9 9 9 9 9 9 9 9 9 9 9 9 9 9
 9 9 9 9 9 9 9 9 9 9 9 9 9 9 9
 9 9 9 9 9 9 9 9 9 9 9 9 9 4 9
 9 9 9 9 9 9 9 9 9 9 9 9 4 4 3
 0 9 9 9 9 5 9 9 9 9 9 4 4 4 3
 0 0 9 9 5 5 5 9 9 9 8 8 4 4 3
 0 0 0 0 5 5 5 8 9 8 8 8 2 4 2
 0 0 0 0 0 1 8 8 8 8 3 3 2 2 2
 0 0 0 0 0 1 1 8 8 8 3 3 2 2 2
 1 1 1 1 1 1 1 1 2 2 3 3 2 2 2
 1 1 1 1 1 1 1 1 2 2 9 2 2 2 2
 8 1 1 1 1 1 1 1 2 9 9 9 2 2 2
# Turn information for samurai of side 0 with weapon 1
# <turn>
56
# <cure period>
0
# Samurai states: <position x> <position y> <hiding>
0 12 1
5 11 0
12 10 0
14 9 0
13 7 0
6 8 0
# Battle field states
 9 9 9 9 9 9 9 9 9 9 9 9 9 9 9
 9 9 9 9 9 9 9 9 9 9 9 9 9 9 9
 9 9 9 9 9 9 9 9 9 9 9 9 9 9 9
 9 9 9 9 9 9 9 9 9 9 9 9 9 9 9
 9 9 9 9 9 9 9 9 9 9 9 9 9 9 9
 9 9 9 9 9 9 9 9 9 9 9 9 4 9 9
 9 9 9 9 9 5 9 9 9 9 9 4 4 4 9
 0 9 9 9 5 5 5 9 9 9 8 4 4 4 3
 0 0 9 0 5 5 5 5 9 8 8 8 4 4 3
 0 0 0 0 5 5 5 5 8 8 8 2 2 2 2
 0 0 0 0 0 1 1 8 8 8 3 2 2 2 2
 0 0 0 0 0 1 1 1 8 8 3 2 2 2 2
 1 0 0 0 0 1 1 1 2 2 3 3 2 2 2
 1 1 1 1 1 1 1 1 2 9 2 2 2 2 2
 8 1 1 1 1 1 1 1 9 9 9 2 2 2 9
# Turn information for samurai of side 0 with weapon 1
# <turn>
63
# <cure period>
25
# Samurai states: <position x> <position y> <hiding>
0 13 0
0 14 0
12 9 0
14 9 0
-1 -1 1
-1 -1 1
# Battle field states
 9 9 9 9 9 9 9 9 9 9 9 9 9 9 9
 9 9 9 9 9 9 9 9 9 9 9 9 9 9 9
 9 9 9 9 9 9 9 9 9 9 9 9 9 9 9
 9 9 9 9 9 9 9 9 9 9 9 9 9 9 9
 9 9 9 9 9 9 9 9 9 9 9 9 4 9 9
 9 9 9 9 9 9 9 9 9 9 9 4 4 4 9
 9 9 9 9 9 9 9 9 9 9 8 4 4 4 3
 9 9 9 9 9 9 9 9 9 8 8 4 4 4 3
 0 9 9 9 9 9 9 9 8 8 8 2 2 2 3
 0 0 9 9 9 9 9 5 8 8 8 2 4 2 2
 0 0 0 9 9 9 9 9 8 8 3 2 2 2 2
 0 0 0 0 9 9 9 9 9 8 3 2 2 2 2
 1 0 0 0 0 9 9 9 9 9 3 3 2 2 2
 1 0 0 0 0 1 9 9 9 9 9 2 2 2 9
 8 1 1 1 1 1 9 9 9 9 9 9 2 9 9
# Turn information for samurai of side 0 with weapon 1
# <turn>
68
# <cure period>
20
# Samurai states: <position x> <position y> <hiding>
1 13 1
0 14 0
12 8 1
14 9 0
-1 -1 1
-1 -1 1
# Battle field states
 9 9 9 9 9 9 9 9 9 9 9 9 9 9 9
 9 9 9 9 9 9 9 9 9 9 9 9 9 9 9
 9 9 9 9 9 9 9 9 9 9 9 9 9 9 9
 9 9 9 9 9 9 9 9 9 9 9 9 4 9 9
 9 9 9 9 9 9 9 9 9 9 9 4 4 4 9
 9 9 9 9 9 9 9 9 9 9 8 4 4 4 3
 9 9 9 9 9 9 9 9 9 8 8 4 4 4 3
 9 9 9 9 9 9 9 9 8 8 8 2 2 2 3
 9 0 9 9 9 9 9 5 8 8 8 2 2 2 3
 0 0 0 9 9 9 9 9 8 8 8 2 2 2 2
 0 0 0 0 9 9 9 9 9 8 3 2 2 2 2
 0 0 0 0 0 9 9 9 9 9 3 2 2 2 2
 0 0 0 0 0 1 9 9 9 9 9 3 2 2 9
 1 0 0 0 0 1 1 9 9 9 9 9 2 9 9
 8 1 1 1 1 1 9 9 9 9 9 9 9 9 9
# Turn information for samurai of side 0 with weapon 1
# <turn>
75
# <cure period>
13
# Samurai states: <position x> <position y> <hiding>
1 12 0
0 14 0
13 8 0
14 9 0
-1 -1 1
-1 -1 1
# Battle field states
 9 9 9 9 9 9 9 9 9 9 9 9 9 9 9
 9 9 9 9 9 9 9 9 9 9 9 9 9 9 9
 9 9 9 9 9 9 9 9 9 9 9 9 9 9 9
 9 9 9 9 9 9 9 9 9 9 9 9 9 4 9
 9 9 9 9 9 9 9 9 9 9 9 9 4 4 4
 9 9 9 9 9 9 9 9 9 9 9 4 4 4 3
 9 9 9 9 9 9 9 9 9 9 8 4 4 4 3
 9 0 9 9 9 9 9 9 9 8 8 2 2 2 2
 0 0 0 9 9 9 9 9 8 8 8 2 2 2 2
 0 0 0 0 9 9 9 9 9 8 8 2 2 2 2
 0 0 0 0 0 9 9 9 9 9 3 2 2 2 2
 0 0 0 0 0 5 9 9 9 9 9 2 2 2 2
 0 0 0 0 0 0 5 9 9 9 9 9 2 2 2
 1 0 0 0 0 1 9 9 9 9 9 9 9 2 9
 8 1 1 1 1 1 9 9 9 9 9 9 9 9 9
# Turn information for samurai of side 0 with weapon 1
# <turn>
80
# <cure period>
8
# Samurai states: <position x> <position y> <hiding>
2 12 1
0 14 0
13 7 1
14 9 0
-1 -1 1
-1 -1 1
# Battle field states
 9 9 9 9 9 9 9 9 9 9 9 9 9 9 9
 9 9 9 9 9 9 9 9 9 9 9 9 9 9 9
 9 9 9 9 9 9 9 9 9 9 9 9 9 4 9
 9 9 9 9 9 9 9 9 9 9 9 9 4 4 4
 9 9 9 9 9 9 9 9 9 9 9 4 4 4 4
 9 9 9 9 9 9 9 9 9 9 8 4 4 4 3
 9 9 9 9 9 9 9 9 9 8 8 4 2 2 2
 9 9 0 9 9 9 9 9 8 8 8 2 2 2 2
 9 0 0 0 9 9 9 9 9 8 8 2 2 2 2
 0 0 0 0 5 9 9 9 9 9 8 2 2 2 2
 0 0 0 0 0 5 9 9 9 9 9 2 2 2 2
 0 0 0 0 0 5 5 9 9 9 9 9 2 2 2
 0 0 0 0 0 0 0 5 9 9 9 9 9 2 9
 1 0 0 0 0 5 1 9 9 9 9 9 9 9 9
 8 1 1 1 1 1 9 9 9 9 9 9 9 9 9
# Turn information for samurai of side 0 with weapon 1
# <turn>
87
# <cure period>
1
# Samurai states: <position x> <position y> <hiding>
2 11 0
0 14 0
13 6 0
14 9 0
-1 -1 1
-1 -1 1
# Battle field states
 9 9 9 9 9 9 9 9 9 9 9 9 9 9 9
 9 9 9 9 9 9 9 9 9 9 9 9 9 4 9
 9 9 9 9 9 9 9 9 9 9 9 9 4 4 4
 9 9 9 9 9 9 9 9 9 9 9 4 4 4 4
 9 9 9 9 9 9 9 9 9 9 8 4 4 4 4
 9 9 9 9 9 9 9 9 9 8 8 4 2 2 2
 9 9 0 9 9 9 9 9 8 8 8 4 2 2 2
 9 0 0 0 9 9 9 9 9 8 8 2 2 2 2
 0 0 0 0 5 9 9 9 9 9 8 2 2 2 2
 0 0 0 0 5 5 9 9 9 9 9 2 2 2 2
 0 0 0 0 0 5 5 9 9 9 9 9 2 2 2
 0 0 0 0 0 0 0 5 9 9 9 9 9 2 9
 0 0 0 0 0 0 0 9 9 9 9 9 9 9 9
 1 0 0 0 0 5 9 9 9 9 9 9 9 9 9
 8 1 1 1 1 1 9 9 9 9 9 9 9 9 9
# Turn information for samurai of side 0 with weapon 1
# <turn>
92
# <cure period>
0
# Samurai states: <position x> <position y> <hiding>
2 10 1
0 14 0
13 5 1
14 9 0
-1 -1 1
-1 -1 1
# Battle field states
 9 9 9 9 9 9 9 9 9 9 9 9 9 4 9
 9 9 9 9 9 9 9 9 9 9 9 9 4 4 4
 9 9 9 9 9 9 9 9 9 9 9 4 4 4 4
 9 9 9 9 9 9 9 9 9 9 8 4 4 4 4
 9 9 9 9 9 9 9 9 9 8 8 4 2 2 2
 9 9 0 9 9 9 9 9 8 8 8 4 2 2 2
 9 0 0 0 9 9 9 9 9 8 8 4 2 2 2
 0 0 0 0 5 9 9 9 9 9 8 2 2 2 2
 0 0 0 0 5 5 9 9 9 9 9 2 2 2 2
 0 0 0 0 5 5 5 9 9 9 9 9 2 2 2
 0 0 0 0 0 0 0 5 9 9 9 9 9 2 9
 0 0 0 0 0 0 0 9 9 9 9 9 9 9 9
 0 0 0 0 0 0 9 9 9 9 9 9 9 9 9
 1 0 0 0 0 9 9 9 9 9 9 9 9 9 9
 8 1 1 1 1 1 9 9 9 9 9 9 9 9 9
# Turn information for samurai of side 0 with weapon 1
# <turn>
99
# <cure period>
0
# Samurai states: <position x> <position y> <hiding>
2 9 0
0 13 1
13 4 0
-1 -1 1
13 1 0
-1 -1 1
# Battle field states
 9 9 9 9 9 9 9 9 9 9 9 9 4 4 8
 9 9 9 9 9 9 9 9 9 9 9 4 4 4 4
 9 9 9 9 9 9 9 9 9 9 8 4 4 4 4
 9 9 9 9 9 9 9 9 9 8 8 4 2 4 2
 9 9 8 9 9 9 9 9 8 8 8 4 2 2 2
 9 0 0 0 9 9 9 9 9 8 8 4 2 2 2
 0 0 0 0 5 9 9 9 9 9 8 4 2 2 2
 0 0 0 0 5 5 9 9 9 9 9 2 2 2 2
 0 0 0 0 5 5 5 9 9 9 9 9 2 2 2
 0 0 0 0 0 0 0 5 9 9 9 9 9 2 9
 0 0 0 0 0 0 0 9 9 9 9 9 9 9 9
 1 0 0 0 0 0 9 9 9 9 9 9 9 9 9
 1 1 0 0 0 9 9 9 9 9 9 9 9 9 9
 1 1 1 0 0 5 9 9 9 9 9 9 9 9 9
 8 1 1 1 1 9 9 9 9 9 9 9 9 9 9
# Turn information for samurai of side 0 with weapon 1
# <turn>
104
# <cure period>
0
# Samurai states: <position x> <position y> <hiding>
2 8 1
1 13 0
12 4 1
-1 -1 1
13 1 0
-1 -1 1
# Battle field states
 9 9 9 9 9 9 9 9 9 9 9 4 4 4 9
 9 9 9 9 9 9 9 9 9 9 8 4 4 4 4
 9 9 9 9 9 9 9 9 9 8 8 4 4 4 4
 9 9 8 9 9 9 9 9 8 8 8 2 2 2 2
 9 8 8 8 9 9 9 8 8 8 8 2 2 2 2
 8 0 0 0 5 9 9 9 8 8 8 2 2 2 2
 0 0 0 0 5 5 9 9 9 8 8 4 2 2 2
 0 0 0 0 5 5 5 9 9 9 8 2 2 2 2
 0 0 0 0 0 0 0 5 9 9 9 2 2 2 9
 0 0 0 0 0 0 0 9 9 9 9 9 2 9 9
 0 0 0 0 0 0 9 9 9 9 9 9 9 9 9
 1 1 0 0 0 9 9 9 9 9 9 9 9 9 9
 1 1 1 0 0 0 9 9 9 9 9 9 9 9 9
 1 1 1 1 0 5 1 9 9 9 9 9 9 9 9
 8 1 1 1 1 1 9 9 9 9 9 9 9 9 9
# Turn information for samurai of side 0 with weapon 1
# <turn>
111
# <cure period>
0
# Samurai states: <position x> <position y> <hiding>
2 7 0
2 13 1
12 3 0
-1 -1 1
14 0 0
-1 -1 1
# Battle field states
 9 9 9 9 9 9 9 9 9 9 8 4 4 4 8
 9 9 9 9 9 9 9 9 9 8 8 4 4 4 4
 9 9 8 9 9 9 9 9 8 8 8 2 2 2 4
 9 8 8 8 9 9 9 8 8 8 8 2 2 2 4
 8 8 8 8 5 9 9 9 8 8 8 2 2 2 2
 8 0 0 0 5 5 9 9 9 8 8 2 2 2 3
 0 0 0 0 5 5 5 9 9 9 8 4 2 2 3
 0 0 0 0 0 0 0 5 9 9 9 2 2 2 9
 0 0 0 0 0 0 0 9 9 9 9 9 2 9 9
 0 0 0 0 0 0 9 9 9 9 9 9 9 9 9
 0 0 0 0 0 9 9 9 9 9 9 9 9 9 9
 1 1 1 0 0 0 9 9 9 9 9 9 9 9 9
 1 1 1 1 0 0 0 9 9 9 9 9 9 9 9
 1 1 1 1 1 5 1 5 9 9 9 9 9 9 9
 8 1 1 1 1 1 1 9 9 9 9 9 9 9 9
# Turn information for samurai of side 0 with weapon 1
# <turn>
116
# <cure period>
0
# Samurai states: <position x> <position y> <hiding>
2 6 1
3 13 0
13 3 1
-1 -1 1
14 0 0
-1 -1 1
# Battle field states
 9 9 9 9 9 9 9 9 9 9 9 4 4 4 8
 9 9 8 9 9 9 9 9 9 9 8 4 4 4 4
 9 8 8 8 9 9 9 9 9 8 8 2 2 2 2
 8 8 8 8 5 9 9 9 8 8 8 2 2 2 2
 8 8 8 8 5 5 9 9 9 8 8 2 2 2 2
 8 0 0 0 5 5 5 9 9 9 8 2 2 2 3
 0 0 0 0 0 0 0 8 9 9 9 4 2 2 3
 0 0 0 0 0 0 0 9 9 9 9 9 2 2 3
 0 0 0 0 0 0 9 9 9 9 9 9 9 2 9
 0 0 0 0 0 9 9 9 9 9 9 9 9 9 9
 9 0 0 0 0 0 9 9 9 9 9 9 9 9 9
 1 1 1 1 0 0 0 9 9 9 9 9 9 9 9
 1 1 1 1 1 0 0 5 9 9 9 9 9 9 9
 1 1 1 1 1 1 1 5 2 9 9 9 9 9 9
 8 1 1 1 1 1 1 1 9 9 9 9 9 9 9
# Turn information for samurai of side 0 with weapon 1
# <turn>
123
# <cure period>
0
# Samurai states: <position x> <position y> <hiding>
2 5 0
3 12 1
13 2 0
-1 -1 1
14 0 0
-1 -1 1
# Battle field states
 9 9 5 9 9 9 9 9 9 9 8 4 4 4 8
 9 8 0 5 9 9 9 9 9 8 8 4 2 2 2
 8 8 0 8 5 9 9 9 8 8 8 2 2 2 2
 8 8 0 8 5 5 9 9 9 8 8 2 2 2 2
 8 8 0 8 5 5 5 9 9 9 8 2 2 2 2
 8 0 0 0 5 5 5 8 9 9 9 2 2 2 3
 0 0 0 0 0 0 0 9 9 9 9 9 2 2 3
 0 0 0 0 0 0 9 9 9 9 9 9 9 2 9
 0 0 0 0 0 9 9 9 9 9 9 9 9 9 9
 9 0 0 0 0 0 9 9 9 9 9 9 9 9 9
 0 0 0 1 0 0 0 9 9 9 9 9 9 9 9
 1 1 1 1 1 0 0 5 9 9 9 9 9 9 9
 1 1 1 1 1 1 0 5 2 9 9 9 9 9 9
 1 1 1 1 1 1 1 5 9 9 9 9 9 9 9
 8 1 1 1 1 1 1 9 9 9 9 9 9 9 9
# Turn information for samurai of side 0 with weapon 1
# <turn>
128
# <cure period>
0
# Samurai states: <position x> <position y> <hiding>
3 5 1
4 12 0
13 1 1
-1 -1 1
14 0 0
-1 -1 1
# Battle field states
 9 9 9 5 9 9 9 9 9 8 8 4 2 2 2
 9 9 5 5 5 9 9 9 8 8 8 4 2 2 2
 9 8 5 5 5 5 9 9 9 8 8 2 2 2 2
 8 8 0 8 5 5 5 9 9 9 8 2 2 2 2
 8 8 0 8 5 5 5 8 9 9 9 2 2 2 2
 8 0 0 0 0 0 0 0 8 9 9 9 2 2 3
 0 0 0 0 0 0 0 8 9 9 9 9 9 2 9
 0 0 0 0 0 0 0 9 9 9 9 9 9 9 9
 9 0 0 0 0 0 9 9 9 9 9 9 9 9 9
 9 9 0 0 0 0 0 9 9 9 9 9 9 9 9
 9 0 0 1 1 0 0 5 9 9 9 9 9 9 9
 1 1 1 1 1 1 0 5 8 9 9 9 9 9 9
 1 1 1 1 1 1 1 5 2 2 9 9 9 9 9
 1 1 1 1 1 1 1 5 2 9 9 9 9 9 9
 9 1 1 1 1 1 1 1 9 9 9 9 9 9 9
# Turn information for samurai of side 0 with weapon 1
# <turn>
135
# <cure period>
0
# Samurai states: <position x> <position y> <hiding>
3 5 1
5 12 1
12 1 0
-1 -1 1
14 0 0
2 1 0
# Battle field states
 9 9 9 5 9 9 9 9 8 8 8 2 2 2 2
 9 9 5 0 5 9 9 8 8 8 8 2 2 2 2
 9 5 5 0 5 5 9 9 8 8 8 2 2 2 2
 8 8 0 0 5 5 5 9 9 8 8 2 2 3 2
 8 8 0 0 5 5 5 8 9 9 8 2 2 3 2
 8 0 0 0 0 0 0 0 8 9 9 2 2 3 9
 0 0 0 0 0 0 0 8 9 9 9 9 2 9 9
 0 0 0 0 0 0 0 9 9 9 9 9 9 9 9
 9 0 0 0 0 0 0 9 9 9 9 9 9 9 9
 9 9 0 0 0 0 0 5 9 9 9 9 9 9 9
 9 9 0 1 1 1 0 5 8 9 9 9 9 9 9
 9 1 1 1 1 1 1 5 8 8 9 9 9 9 9
 1 1 1 1 1 1 1 1 2 2 3 9 9 9 9
 9 1 1 1 1 1 1 5 2 2 9 9 9 9 9
 9 9 1 1 1 1 1 1 2 9 9 9 9 9 9
# Turn information for samurai of side 0 with weapon 1
# <turn>
140
# <cure period>
0
# Samurai states: <position x> <position y> <hiding>
4 5 0
6 12 0
11 1 1
-1 -1 1
14 0 0
-1 -1 1
# Battle field states
 9 9 9 9 5 9 9 8 8 8 2 2 2 2 2
 9 9 9 5 0 5 5 8 8 8 2 2 2 2 2
 9 9 5 5 0 5 5 8 8 8 2 2 2 2 2
 9 5 5 5 0 5 5 8 8 8 8 2 3 3 2
 8 8 0 0 0 5 5 8 8 8 8 2 3 3 9
 8 0 0 0 0 0 0 0 8 8 8 2 3 9 9
 0 0 0 0 0 0 0 8 8 9 9 4 9 9 9
 9 0 0 0 0 0 0 5 9 9 9 9 9 9 9
 9 9 0 0 0 0 0 5 9 9 9 9 9 9 9
 9 9 9 0 0 0 0 5 8 9 9 9 9 9 9
 9 9 9 1 1 1 1 5 8 8 9 9 9 9 9
 9 9 1 1 1 1 1 1 8 8 3 9 9 9 9
 9 1 1 1 1 1 1 1 1 2 3 3 9 9 9
 9 9 1 1 1 1 1 5 2 2 2 9 9 9 9
 9 9 9 1 1 1 1 1 2 2 9 9 9 9 9
# Turn information for samurai of side 0 with weapon 1
# <turn>
147
# <cure period>
0
# Samurai states: <position x> <position y> <hiding>
5 5 1
7 12 1
10 1 0
-1 -1 1
14 0 0
2 3 0
# Battle field states
 9 9 9 9 9 5 5 8 8 2 2 2 2 2 2
 9 9 9 9 0 0 5 8 8 2 2 2 2 2 2
 9 9 9 5 0 0 5 8 8 2 2 2 2 2 2
 9 9 5 5 0 0 5 8 8 8 8 2 3 3 9
 9 5 5 5 0 0 5 8 8 8 8 2 3 9 9
 8 0 0 0 0 0 0 0 8 8 8 2 9 9 9
 9 0 0 0 0 0 0 8 3 3 3 9 9 9 9
 9 9 0 0 0 0 0 5 8 9 9 9 9 9 9
 9 9 9 0 0 0 0 5 8 9 9 9 9 9 9
 9 9 9 9 0 0 0 5 8 8 9 9 9 9 9
 9 9 9 9 1 1 1 1 8 8 3 9 9 9 9
 9 9 9 1 1 1 1 1 1 8 3 2 9 9 9
 9 9 1 1 1 1 1 1 1 1 3 3 2 9 9
 9 9 9 1 1 1 1 5 2 2 2 2 9 9 9
 9 9 9 9 1 1 1 1 2 2 2 9 9 9 9
# Turn information for samurai of side 0 with weapon 1
# <turn>
152
# <cure period>
0
# Samurai states: <position x> <position y> <hiding>
6 5 0
8 12 0
9 1 1
-1 -1 1
-1 -1 1
-1 -1 1
# Battle field states
 9 9 9 9 9 5 5 8 2 2 2 2 2 2 9
 9 9 9 9 0 0 0 8 2 2 2 2 2 2 2
 9 9 9 9 0 0 0 8 2 2 2 2 2 2 9
 9 9 9 5 0 0 0 8 8 8 8 2 3 9 9
 9 9 5 5 0 0 0 8 8 8 8 2 9 9 9
 9 5 5 5 0 0 0 0 3 3 3 3 9 9 9
 9 9 0 0 0 0 0 8 3 3 3 9 9 9 9
 9 9 9 0 0 0 0 5 8 8 9 9 9 9 9
 9 9 9 9 0 0 0 5 8 8 9 9 9 9 9
 9 9 9 9 9 0 0 5 8 8 3 9 9 9 9
 9 9 9 9 9 1 1 1 1 8 3 2 9 9 9
 9 9 9 9 1 1 1 1 1 1 3 2 2 9 9
 9 9 9 1 1 1 1 1 1 1 1 3 2 2 9
 9 9 9 9 1 1 1 5 2 2 2 2 2 9 9
 9 9 9 9 9 1 1 1 2 2 2 2 9 9 9
# Turn information for samurai of side 0 with weapon 1
# <turn>
159
# <cure period>
0
# Samurai states: <position x> <position y> <hiding>
6 6 1
9 12 1
9 2 0
-1 -1 1
-1 -1 1
2 5 0
# Battle field states
 9 9 9 9 9 9 5 8 2 2 2 2 4 9 9
 9 9 9 9 9 0 0 8 2 2 2 2 2 4 9
 9 9 9 9 0 0 0 8 2 2 2 2 2 2 4
 9 9 9 9 0 0 0 8 2 2 2 2 3 3 9
 9 9 9 5 0 0 0 8 3 3 3 3 3 9 9
 9 9 5 5 0 0 0 0 3 3 3 3 9 9 9
 9 5 5 5 0 0 0 0 0 0 0 3 9 9 9
 9 9 0 0 0 0 0 5 8 8 3 9 9 9 9
 9 9 9 0 0 0 0 5 8 8 3 9 9 9 9
 9 9 9 9 0 0 0 5 8 8 3 3 9 9 9
 9 9 9 9 9 1 1 1 1 1 3 2 2 9 9
 9 9 9 9 9 1 1 1 1 1 1 2 2 2 9
 9 9 9 9 1 1 1 1 1 1 1 1 2 2 3
 9 9 9 9 9 1 1 5 2 2 2 2 2 2 9
 9 9 9 9 9 9 1 1 2 2 2 2 2 9 9
# Turn information for samurai of side 0 with weapon 1
# <turn>
164
# <cure period>
0
# Samurai states: <position x> <position y> <hiding>
6 7 0
9 11 0
9 14 0
-1 -1 1
-1 -1 1
-1 -1 1
# Battle field states
 9 9 9 9 9 9 9 9 9 9 9 9 9 9 9
 9 9 9 9 9 9 9 9 9 9 9 9 9 9 9
 9 9 9 9 9 9 0 9 9 9 9 9 9 9 9
 9 9 9 9 9 0 0 8 9 9 9 9 9 9 9
 9 9 9 9 0 0 0 8 2 9 9 9 9 9 9
 9 9 9 5 0 0 0 0 3 3 9 9 9 9 9
 9 9 5 5 0 0 0 0 0 0 0 9 9 9 9
 9 5 5 5 0 0 0 0 0 0 0 3 9 9 9
 9 9 0 0 0 0 0 5 8 8 3 3 9 9 9
 9 9 9 0 0 0 0 5 8 1 3 3 3 9 9
 9 9 9 9 1 1 1 1 1 1 1 2 2 2 9
 9 9 9 9 1 1 1 1 1 1 1 1 2 2 3
 9 9 9 9 9 1 1 1 1 1 1 1 2 2 9
 9 9 9 9 9 1 1 5 2 2 2 2 2 2 9
 9 9 9 9 1 1 1 1 2 2 2 2 2 2 2
# Turn information for samurai of side 0 with weapon 1
# <turn>
171
# <cure period>
0
# Samurai states: <position x> <position y> <hiding>
6 8 1
9 10 1
9 14 0
-1 -1 1
-1 -1 1
2 7 0
# Battle field states
 9 9 9 9 9 9 9 9 9 9 9 9 9 9 9
 9 9 9 9 9 9 9 9 9 9 9 9 9 9 9
 9 9 9 9 9 9 9 9 9 9 9 9 9 9 9
 9 9 9 9 9 9 0 9 9 9 9 9 9 9 9
 9 9 9 9 9 0 0 8 9 9 9 9 9 9 9
 9 9 9 9 0 0 0 0 3 3 9 9 9 9 9
 9 9 9 5 0 0 0 0 0 0 0 9 9 9 9
 9 9 5 5 0 0 0 0 0 0 0 3 9 9 9
 9 5 5 5 0 0 0 0 0 0 0 3 3 9 9
 9 9 0 0 0 0 0 5 8 1 1 3 3 3 9
 9 9 9 1 1 1 1 1 1 1 1 1 2 2 3
 9 9 9 9 1 1 1 1 1 1 1 1 2 2 9
 9 9 9 9 9 1 1 1 1 1 1 1 2 9 9
 9 9 9 9 9 1 1 5 2 2 2 2 2 2 9
 9 9 9 9 1 1 1 1 2 2 2 2 2 2 2
# Turn information for samurai of side 0 with weapon 1
# <turn>
176
# <cure period>
0
# Samurai states: <position x> <position y> <hiding>
5 8 0
9 9 0
9 14 0
-1 -1 1
-1 -1 1
-1 -1 1
# Battle field states
 9 9 9 9 9 9 9 9 9 9 9 9 9 9 9
 9 9 9 9 9 9 9 9 9 9 9 9 9 9 9
 9 9 9 9 9 9 9 9 9 9 9 9 9 9 9
 9 9 9 9 9 0 9 9 9 9 9 9 9 9 9
 9 9 9 9 0 0 0 9 9 2 9 9 9 9 9
 9 9 9 5 0 0 0 0 3 3 3 9 9 9 9
 9 9 5 5 0 0 0 0 0 0 0 3 9 9 9
 9 5 5 5 0 0 0 0 0 1 0 3 3 9 9
 0 0 0 0 0 0 0 0 1 1 0 3 3 3 9
 9 5 5 5 0 0 0 1 1 1 1 3 3 3 2
 9 9 0 1 1 1 1 1 1 1 1 1 2 2 9
 9 9 9 1 1 1 1 1 1 1 1 1 2 9 9
 9 9 9 9 1 1 1 1 1 1 1 1 2 9 9
 9 9 9 9 9 1 1 5 2 2 2 2 2 2 9
 9 9 9 9 1 1 1 1 2 2 2 2 2 2 2
# Turn information for samurai of side 0 with weapon 1
# <turn>
183
# <cure period>
0
# Samurai states: <position x> <position y> <hiding>
5 9 1
10 9 1
9 14 0
-1 -1 1
-1 -1 1
-1 -1 1
# Battle field states
 9 9 9 9 9 9 9 9 9 9 9 9 9 9 9
 9 9 9 9 9 9 9 9 9 9 9 9 9 9 9
 9 9 9 9 9 9 9 9 9 9 9 9 9 9 9
 9 9 9 9 9 9 9 9 9 9 9 9 9 9 9
 9 9 9 9 9 0 9 9 9 9 2 9 9 9 9
 9 9 9 9 0 0 0 9 9 3 3 3 9 9 9
 9 9 9 5 0 0 0 0 0 0 0 3 3 9 9
 9 9 5 5 0 0 0 0 0 1 1 3 3 3 9
 9 0 0 0 0 0 0 0 1 1 1 1 3 3 3
 0 0 0 0 0 0 0 1 1 1 1 1 1 3 2
 9 0 0 1 1 1 1 1 1 1 1 1 2 2 3
 9 9 1 1 1 1 1 1 1 1 1 1 2 2 9
 9 9 9 1 1 1 1 1 1 1 1 1 2 9 9
 9 9 9 9 1 1 1 5 2 2 2 2 2 2 9
 9 9 9 9 1 1 1 1 2 2 2 2 2 2 2
# Turn information for samurai of side 0 with weapon 1
# <turn>
188
# <cure period>
0
# Samurai states: <position x> <position y> <hiding>
5 9 1
11 9 0
9 14 0
-1 -1 1
-1 -1 1
-1 -1 1
# Battle field states
 9 9 9 9 9 9 9 9 9 9 9 9 9 9 9
 9 9 9 9 9 9 9 9 9 9 9 9 9 9 9
 9 9 9 9 9 9 9 9 9 9 9 9 9 9 9
 9 9 9 9 9 9 9 9 9 9 9 9 9 9 9
 9 9 9 9 9 0 9 9 9 9 9 3 9 9 9
 9 9 9 9 0 0 0 9 9 9 3 3 3 9 9
 9 9 9 5 0 0 0 0 9 0 0 3 3 3 9
 9 9 5 5 0 0 0 0 0 1 1 1 3 3 3
 9 0 0 0 0 0 0 0 1 1 1 1 1 3 3
 0 0 0 0 0 0 0 1 1 1 1 1 1 1 2
 9 0 0 1 1 0 1 1 1 1 1 1 2 2 3
 9 9 1 1 1 0 1 1 1 1 1 1 2 2 3
 9 9 9 1 1 0 1 1 1 1 1 1 2 2 9
 9 9 9 9 1 0 1 5 2 2 2 2 2 2 9
 9 9 9 9 1 1 1 1 2 2 2 2 2 2 2
# Turn information for samurai of side 0 with weapon 1
# <turn>
195
# <cure period>
0
# Samurai states: <position x> <position y> <hiding>
5 10 0
11 8 1
9 14 0
-1 -1 1
12 4 0
-1 -1 1
# Battle field states
 9 9 9 9 9 9 9 9 9 9 9 9 9 9 9
 9 9 9 9 9 9 9 9 9 9 9 9 9 9 9
 9 9 9 9 9 9 9 9 9 9 9 9 9 9 9
 9 9 9 9 9 9 9 9 9 9 9 4 9 9 9
 9 9 9 9 9 9 9 9 9 9 4 4 4 9 9
 9 9 9 9 9 0 9 9 9 3 3 3 4 3 9
 9 9 9 9 0 0 0 9 0 0 0 1 3 4 4
 9 9 9 5 0 0 0 0 0 1 1 1 1 3 3
 9 9 0 0 0 0 0 0 1 1 1 1 1 1 3
 9 0 0 0 0 0 0 1 1 1 1 1 1 1 2
 0 0 0 1 1 0 0 0 0 0 1 1 2 2 3
 9 1 1 1 1 0 1 1 1 1 1 1 2 2 9
 9 9 1 1 1 0 1 1 1 1 1 1 2 9 9
 9 9 9 1 1 0 1 5 2 2 2 2 2 2 9
 9 9 9 9 1 1 1 1 2 2 2 2 2 2 2
# Turn information for samurai of side 0 with weapon 1
# <turn>
200
# <cure period>
0
# Samurai states: <position x> <position y> <hiding>
5 11 1
12 8 0
8 14 1
-1 -1 1
12 4 0
-1 -1 1
# Battle field states
 9 9 9 9 9 9 9 9 9 9 9 9 9 9 9
 9 9 9 9 9 9 9 9 9 9 9 9 9 9 9
 9 9 9 9 9 9 9 9 9 9 9 9 9 9 9
 9 9 9 9 9 9 9 9 9 9 9 9 4 9 9
 9 9 9 9 9 9 9 9 9 9 9 4 4 3 9
 9 9 9 9 9 9 9 9 9 9 3 3 4 3 3
 9 9 9 9 9 0 9 9 9 0 0 1 1 4 4
 9 9 9 9 0 0 0 9 0 1 1 1 1 1 3
 9 9 9 0 0 0 0 0 1 1 1 1 1 1 1
 9 9 0 0 0 0 0 1 1 1 1 1 1 1 2
 9 0 0 1 1 0 0 0 0 0 1 1 2 2 3
 1 1 1 1 1 0 0 0 0 0 1 1 2 2 3
 9 1 1 1 1 0 1 1 1 1 1 1 2 2 9
 9 9 1 1 1 0 1 2 2 2 2 2 2 9 9
 9 9 9 1 1 1 1 2 2 2 2 2 2 2 9
# Turn information for samurai of side 0 with weapon 1
# <turn>
207
# <cure period>
0
# Samurai states: <position x> <position y> <hiding>
5 11 1
12 7 1
8 13 0
-1 -1 1
13 5 0
-1 -1 1
# Battle field states
 9 9 9 9 9 9 9 9 9 9 9 9 9 9 9
 9 9 9 9 9 9 9 9 9 9 9 9 9 9 9
 9 9 9 9 9 9 9 9 9 9 9 9 4 9 9
 9 9 9 9 9 9 9 9 9 9 9 4 4 3 9
 9 9 9 9 9 9 9 9 9 9 4 4 4 4 3
 9 9 9 9 9 9 9 9 9 3 3 3 4 4 4
 9 9 9 9 9 0 9 9 0 0 0 1 4 4 4
 9 9 9 9 0 0 0 0 0 1 1 1 1 4 1
 9 9 9 0 0 0 0 0 1 1 1 1 1 1 1
 9 9 0 0 0 0 0 1 1 1 1 1 1 1 2
 9 0 0 1 1 0 0 0 0 0 1 1 2 2 3
 1 0 0 0 0 0 0 0 0 0 1 1 2 2 9
 9 1 1 1 1 0 1 2 2 2 1 1 2 9 9
 9 9 1 1 1 0 1 2 2 2 2 2 2 2 9
 9 9 9 1 1 1 1 2 2 2 2 2 2 9 9
# Turn information for samurai of side 0 with weapon 1
# <turn>
212
# <cure period>
0
# Samurai states: <position x> <position y> <hiding>
5 12 0
12 6 0
8 12 1
-1 -1 1
-1 -1 1
-1 -1 1
# Battle field states
 9 9 9 9 9 9 9 9 9 9 9 9 9 9 9
 9 9 9 9 9 9 9 9 9 9 9 9 3 9 9
 9 9 9 9 9 9 9 9 9 9 9 3 4 3 9
 9 9 9 9 9 9 9 9 9 9 3 4 4 3 3
 9 9 9 9 9 9 9 9 9 2 4 4 1 4 3
 9 9 9 9 9 9 9 9 3 3 3 3 1 1 3
 9 9 9 9 9 9 9 0 0 0 0 1 4 1 3
 9 9 9 9 9 0 9 9 0 1 1 1 1 4 3
 9 9 9 9 0 0 0 0 1 1 1 1 1 1 1
 9 9 9 0 0 0 0 1 1 1 1 1 1 1 2
 9 9 0 1 1 0 0 0 0 0 1 1 2 2 9
 9 0 0 0 0 0 0 2 2 2 1 1 2 9 9
 1 1 1 1 1 0 0 0 0 0 1 1 2 2 9
 9 1 1 1 1 0 1 2 2 2 2 2 2 9 9
 9 9 1 1 1 1 1 2 2 2 2 2 9 9 9
# Turn information for samurai of side 0 with weapon 1
# <turn>
219
# <cure period>
0
# Samurai states: <position x> <position y> <hiding>
5 13 1
12 5 1
8 11 0
14 4 0
-1 -1 1
-1 -1 1
# Battle field states
 9 9 9 9 9 9 9 9 9 9 9 9 4 9 9
 9 9 9 9 9 9 9 9 9 9 9 3 3 4 9
 9 9 9 9 9 9 9 9 9 9 3 3 4 3 3
 9 9 9 9 9 9 9 9 9 3 3 4 1 3 3
 9 9 9 9 9 9 9 9 2 2 3 3 3 3 3
 9 9 9 9 9 9 9 0 3 3 1 1 1 1 3
 9 9 9 9 9 9 9 9 0 0 0 1 4 1 3
 9 9 9 9 9 9 9 0 0 1 1 1 1 4 3
 9 9 9 9 9 0 0 0 1 1 1 1 1 1 1
 9 9 9 9 0 0 0 1 1 1 1 1 1 1 9
 9 9 9 1 1 0 0 2 2 2 1 1 2 9 9
 9 9 0 0 0 0 0 2 2 2 1 1 2 2 9
 9 0 0 0 0 0 0 2 2 2 1 1 2 9 9
 1 1 1 1 1 0 1 2 2 2 2 2 9 9 9
 9 1 1 1 1 1 1 2 2 2 2 9 9 9 9
# Turn information for samurai of side 0 with weapon 1
# <turn>
224
# <cure period>
0
# Samurai states: <position x> <position y> <hiding>
5 13 1
13 5 0
9 11 1
14 9 0
-1 -1 1
-1 -1 1
# Battle field states
 9 9 9 9 9 9 9 9 9 9 9 9 9 4 9
 9 9 9 9 9 9 9 9 9 9 9 9 3 4 4
 9 9 9 9 9 9 9 9 9 9 9 3 4 3 3
 9 9 9 9 9 9 9 9 9 9 3 4 1 1 3
 9 9 9 9 9 9 9 9 9 2 3 3 3 1 1
 9 9 9 9 9 9 9 9 3 3 1 1 1 1 1
 9 9 9 9 9 9 9 9 9 0 0 1 4 1 3
 9 9 9 9 9 9 9 9 0 1 1 1 1 4 3
 9 9 9 9 9 0 9 0 1 1 1 1 1 1 1
 9 9 9 9 0 0 0 1 1 1 1 1 1 1 2
 9 9 9 1 1 0 0 2 2 2 2 1 2 2 9
 9 9 0 0 0 0 0 2 2 2 2 1 2 2 3
 9 0 0 0 0 0 0 2 2 2 2 1 2 2 9
 1 1 1 1 1 0 0 0 0 0 2 2 2 9 9
 9 1 1 1 1 1 1 2 2 2 2 2 9 9 9
# Turn information for samurai of side 0 with weapon 1
# <turn>
231
# <cure period>
0
# Samurai states: <position x> <position y> <hiding>
5 13 1
13 6 1
10 11 0
14 9 0
-1 -1 1
-1 -1 1
# Battle field states
 9 9 9 9 9 9 9 9 9 9 9 9 9 9 9
 9 9 9 9 9 9 9 9 9 9 9 9 9 4 9
 9 9 9 9 9 9 9 9 9 9 9 9 4 3 3
 9 9 9 9 9 9 9 9 9 9 9 4 1 1 3
 9 9 9 9 9 9 9 9 9 9 3 3 3 1 1
 9 9 9 9 9 9 9 9 9 3 1 1 1 1 1
 9 9 9 9 9 9 9 9 0 0 0 1 4 1 1
 9 9 9 9 9 9 9 9 9 1 1 1 1 1 1
 9 9 9 9 9 0 9 9 1 1 1 1 1 1 1
 9 9 9 9 0 0 0 1 1 1 1 1 1 1 2
 9 9 9 1 1 0 0 2 2 2 2 2 2 2 3
 9 9 0 0 0 0 0 2 2 2 2 2 2 2 3
 9 0 0 0 0 0 0 2 2 2 2 2 2 2 3
 1 0 0 0 0 0 0 0 0 0 2 2 2 2 9
 9 1 1 1 1 1 1 2 2 2 2 2 2 9 9
# Turn information for samurai of side 0 with weapon 1
# <turn>
236
# <cure period>
0
# Samurai states: <position x> <position y> <hiding>
5 14 0
12 6 0
10 10 1
14 9 0
-1 -1 1
-1 -1 1
# Battle field states
 9 9 9 9 9 9 9 9 9 9 9 9 9 9 9
 9 9 9 9 9 9 9 9 9 9 9 9 3 9 9
 9 9 9 9 9 9 9 9 9 9 9 3 4 3 9
 9 9 9 9 9 9 9 9 9 9 3 4 1 1 3
 9 9 9 9 9 9 9 9 9 2 3 3 1 1 1
 9 9 9 9 9 9 9 9 3 3 1 1 1 1 1
 9 9 9 9 9 9 9 0 0 0 1 1 4 1 1
 9 9 9 9 9 9 9 9 0 1 1 1 1 1 1
 9 9 9 9 9 9 9 0 1 1 1 1 1 1 1
 9 9 9 9 9 0 0 1 1 2 2 2 1 1 2
 9 9 9 9 1 0 0 2 2 2 2 2 2 2 3
 9 9 9 0 0 0 0 2 2 2 2 2 2 2 3
 9 9 0 0 0 0 0 2 2 2 2 2 2 2 9
 9 0 0 0 0 0 0 0 0 0 2 2 2 9 9
 8 0 0 0 0 1 1 2 2 2 2 2 9 9 9
# Turn information for samurai of side 0 with weapon 1
# <turn>
243
# <cure period>
0
# Samurai states: <position x> <position y> <hiding>
4 14 1
11 6 1
10 9 0
14 9 0
-1 -1 1
-1 -1 1
# Battle field states
 9 9 9 9 9 9 9 9 9 9 9 9 9 9 9
 9 9 9 9 9 9 9 9 9 9 9 3 9 9 9
 9 9 9 9 9 9 9 9 9 9 3 3 4 9 9
 9 9 9 9 9 9 9 9 9 3 3 4 1 4 9
 9 9 9 9 9 9 9 9 2 2 3 1 1 1 4
 9 9 9 9 9 9 9 0 3 3 1 1 1 1 1
 9 9 9 9 9 9 5 0 0 0 1 1 1 1 1
 9 9 9 9 9 9 9 0 0 1 1 1 1 1 1
 9 9 9 9 9 9 0 0 1 2 2 2 1 1 1
 9 9 9 9 0 0 0 1 1 2 2 2 1 1 2
 9 9 9 1 1 0 0 2 2 2 2 2 2 2 3
 9 9 0 0 0 0 0 2 2 2 2 2 2 2 9
 9 0 0 0 0 0 0 2 2 2 2 2 2 9 9
 1 0 0 0 0 0 0 0 0 0 2 2 9 9 9
 8 0 0 0 0 0 0 0 0 2 2 9 9 9 9
# Turn information for samurai of side 0 with weapon 1
# <turn>
248
# <cure period>
0
# Samurai states: <position x> <position y> <hiding>
4 14 1
11 5 0
11 9 1
14 9 0
-1 -1 1
-1 -1 1
# Battle field states
 9 9 9 9 9 9 9 9 9 9 9 3 9 9 9
 9 9 9 9 9 9 9 9 9 9 3 3 4 9 9
 9 9 9 9 9 9 9 9 9 3 3 3 4 4 9
 9 9 9 9 9 9 9 9 3 3 3 1 1 4 4
 9 9 9 9 9 9 9 8 2 2 1 1 1 1 4
 9 9 9 9 9 9 5 0 3 1 1 1 1 1 1
 9 9 9 9 9 9 9 0 0 0 1 1 1 1 1
 9 9 9 9 9 9 9 9 0 1 1 1 1 1 1
 9 9 9 9 9 9 9 0 1 2 2 2 2 1 1
 9 9 9 9 0 9 0 1 1 2 2 2 2 1 2
 9 9 9 1 0 0 9 2 2 2 2 2 2 2 3
 9 9 0 0 0 0 0 9 2 2 2 2 2 2 3
 9 0 0 0 0 0 0 2 9 2 2 2 2 2 9
 1 0 0 0 0 0 0 0 0 9 2 2 2 9 9
 8 0 0 0 0 0 0 0 0 2 9 2 9 9 9
# Turn information for samurai of side 0 with weapon 1
# <turn>
255
# <cure period>
0
# Samurai states: <position x> <position y> <hiding>
4 13 0
11 4 1
9 14 0
-1 -1 1
14 4 0
-1 -1 1
# Battle field states
 9 9 9 9 9 9 9 9 9 9 3 3 4 9 9
 9 9 9 9 9 9 9 9 9 3 3 3 4 4 9
 9 9 9 9 9 9 9 9 3 3 3 1 4 4 4
 9 9 9 9 9 9 9 8 3 3 1 1 4 4 4
 9 9 9 9 9 9 5 8 2 1 1 1 4 4 4
 9 9 9 9 9 9 9 0 3 1 1 1 1 4 4
 9 9 9 9 9 9 9 9 0 0 1 1 1 1 4
 9 9 9 9 9 9 9 9 9 1 1 1 1 1 9
 9 9 9 9 5 9 9 9 9 9 2 2 2 9 9
 9 9 9 0 0 5 9 9 9 2 9 3 9 9 9
 9 9 0 1 0 0 0 9 2 2 2 9 9 9 9
 9 0 0 0 0 0 0 2 2 2 2 2 9 9 9
 1 0 0 0 0 0 0 2 2 2 2 2 2 9 9
 1 0 0 0 0 0 0 0 0 0 2 2 2 2 9
 8 0 0 0 0 0 0 0 0 2 2 2 2 2 2
# Turn information for samurai of side 0 with weapon 1
# <turn>
260
# <cure period>
0
# Samurai states: <position x> <position y> <hiding>
4 12 1
12 4 0
9 14 0
-1 -1 1
-1 -1 1
5 9 0
# Battle field states
 9 9 9 9 9 9 9 9 9 9 9 3 4 4 9
 9 9 9 9 9 9 9 9 9 9 3 3 4 4 4
 9 9 9 9 9 9 9 9 9 3 3 1 1 4 4
 9 9 9 9 9 9 9 9 3 3 1 1 1 1 4
 9 9 9 9 9 9 9 8 2 1 1 1 4 1 1
 9 9 9 9 9 9 9 9 3 1 1 1 1 4 4
 9 9 9 9 9 9 9 9 9 0 1 1 1 1 4
 9 9 9 9 5 9 9 9 9 9 1 1 1 1 1
 9 9 9 0 0 5 9 9 9 9 9 2 2 2 9
 9 9 0 0 0 5 5 9 9 2 9 9 3 9 9
 9 0 0 1 0 0 5 2 2 2 3 9 9 9 9
 1 0 0 0 0 0 0 2 2 2 2 2 9 9 9
 1 0 0 0 0 0 0 2 2 2 2 2 2 9 9
 1 0 0 0 0 0 0 0 0 0 2 2 2 2 9
 9 0 0 0 0 0 0 0 0 2 2 2 2 2 2
# Turn information for samurai of side 0 with weapon 1
# <turn>
267
# <cure period>
0
# Samurai states: <position x> <position y> <hiding>
5 12 0
12 5 1
9 14 0
-1 -1 1
-1 -1 1
4 9 0
# Battle field states
 9 9 9 9 9 9 9 9 9 9 9 9 4 9 9
 9 9 9 9 9 9 9 9 9 9 9 3 4 4 9
 9 9 9 9 9 9 9 9 9 9 3 1 1 4 4
 9 9 9 9 9 9 9 9 9 3 1 1 1 1 4
 9 9 9 9 9 9 9 9 2 1 1 1 1 1 1
 9 9 9 9 9 9 9 0 3 1 1 1 1 1 1
 9 9 9 9 9 9 9 9 0 0 1 1 1 1 4
 9 9 9 9 9 5 9 9 9 1 1 1 1 1 1
 9 9 9 9 5 0 5 9 9 9 2 2 2 2 1
 9 9 9 0 0 0 5 1 9 2 9 3 3 3 9
 9 9 0 5 5 0 5 2 2 2 3 9 3 9 9
 9 0 0 0 0 0 0 2 2 2 3 3 9 9 9
 1 0 0 0 0 0 0 2 2 2 2 2 2 9 9
 9 0 0 0 0 0 0 0 0 0 2 2 2 2 9
 9 9 0 0 0 0 0 0 0 2 2 2 2 2 2
# Turn information for samurai of side 0 with weapon 1
# <turn>
272
# <cure period>
0
# Samurai states: <position x> <position y> <hiding>
4 12 1
12 6 0
9 14 0
-1 -1 1
-1 -1 1
-1 -1 1
# Battle field states
 9 9 9 9 9 9 9 9 9 9 9 9 9 9 9
 9 9 9 9 9 9 9 9 9 9 9 9 4 9 9
 9 9 9 9 9 9 9 9 9 9 9 1 1 4 9
 9 9 9 9 9 9 9 9 9 9 1 1 1 1 4
 9 9 9 9 9 9 9 9 9 1 1 1 1 1 1
 9 9 9 9 9 9 9 9 3 1 1 1 1 1 1
 9 9 9 9 9 9 9 0 0 0 1 1 1 1 1
 9 9 9 9 5 9 9 9 0 1 1 1 1 1 1
 9 9 9 5 0 0 9 9 9 2 2 2 1 2 1
 9 9 0 5 0 5 5 9 9 2 3 3 3 3 2
 9 0 0 5 0 5 5 2 2 2 3 3 3 3 9
 1 0 0 5 0 5 0 2 2 2 3 3 3 9 9
 1 0 0 0 0 0 0 2 2 2 3 3 3 9 9
 1 0 0 0 0 0 0 0 0 0 2 2 2 2 9
 9 0 0 0 0 0 0 0 0 2 2 2 2 2 2
# Turn information for samurai of side 0 with weapon 1
# <turn>
279
# <cure period>
0
# Samurai states: <position x> <position y> <hiding>
3 12 0
12 7 1
9 14 0
-1 -1 1
-1 -1 1
-1 -1 1
# Battle field states
 9 9 9 9 9 9 9 9 9 9 9 9 9 9 9
 9 9 9 9 9 9 9 9 9 9 9 9 9 9 9
 9 9 9 9 9 9 9 9 9 9 9 9 1 9 9
 9 9 9 9 9 9 9 9 9 9 9 1 1 1 9
 9 9 9 9 9 9 9 9 9 9 1 1 1 1 1
 9 9 9 9 9 9 9 9 9 1 1 1 1 1 1
 9 9 9 9 9 9 9 9 0 0 1 1 1 1 1
 9 9 9 5 9 9 9 0 0 1 1 1 1 1 1
 9 9 0 0 0 9 9 9 1 2 2 2 1 1 1
 9 0 0 0 0 5 9 9 9 2 3 3 1 3 2
 0 0 0 0 0 5 5 9 2 2 3 3 3 3 3
 1 0 0 0 0 5 0 2 2 2 3 3 3 3 9
 1 0 0 0 0 0 0 2 2 2 3 3 3 9 9
 1 0 0 0 0 0 0 0 0 0 3 3 3 3 9
 8 0 0 0 0 0 0 0 0 2 2 2 2 2 2
# Turn information for samurai of side 0 with weapon 1
# <turn>
284
# <cure period>
0
# Samurai states: <position x> <position y> <hiding>
3 11 1
12 8 0
9 14 0
14 14 0
-1 -1 1
-1 -1 1
# Battle field states
 9 9 9 9 9 9 9 9 9 9 9 9 9 9 9
 9 9 9 9 9 9 9 9 9 9 9 9 9 9 9
 9 9 9 9 9 9 9 9 9 9 9 9 9 9 9
 9 9 9 9 9 9 9 9 9 9 9 9 1 9 9
 9 9 9 9 9 9 9 9 9 9 9 1 1 1 9
 9 9 9 9 9 9 9 9 9 9 1 1 1 1 1
 9 9 9 5 9 9 9 9 9 0 1 1 1 1 1
 9 9 5 5 5 9 9 9 0 1 1 1 1 1 1
 9 0 0 0 0 0 9 0 1 2 1 1 1 1 1
 0 0 0 0 0 5 5 9 1 2 3 1 1 3 2
 0 0 0 0 0 5 5 2 2 2 3 3 1 3 3
 1 0 0 0 0 0 0 0 2 2 3 3 3 3 3
 1 0 0 0 0 0 0 2 2 2 3 3 3 3 9
 1 0 0 0 0 0 0 0 0 0 3 3 3 3 9
 9 0 0 0 0 0 0 0 0 2 3 3 3 3 2
# Turn information for samurai of side 0 with weapon 1
# <turn>
291
# <cure period>
0
# Samurai states: <position x> <position y> <hiding>
3 10 0
12 9 1
9 13 1
-1 -1 1
-1 -1 1
-1 -1 1
# Battle field states
 9 9 9 9 9 9 9 9 9 9 9 9 9 9 9
 9 9 9 9 9 9 9 9 9 9 9 9 9 9 9
 9 9 9 9 9 9 9 9 9 9 9 9 9 9 9
 9 9 9 9 9 9 9 9 9 9 9 9 9 9 9
 9 9 9 9 9 9 9 9 9 9 9 9 1 9 9
 9 9 9 5 9 9 9 9 9 9 9 1 1 1 9
 9 9 5 5 5 9 9 9 9 9 1 1 1 1 1
 9 5 5 5 5 5 9 9 9 1 1 1 1 1 1
 0 0 0 0 0 0 5 9 1 2 1 1 1 1 1
 0 0 0 0 0 5 5 1 1 2 3 1 1 1 1
 0 0 0 0 0 0 0 0 2 2 3 3 1 1 3
 1 0 0 0 0 0 0 0 2 2 3 3 1 3 3
 1 0 0 0 0 0 0 2 2 2 2 3 3 3 3
 9 0 0 0 0 0 0 0 2 0 2 3 3 3 3
 9 9 0 0 0 0 0 0 2 2 3 3 3 3 9
# Turn information for samurai of side 0 with weapon 1
# <turn>
296
# <cure period>
0
# Samurai states: <position x> <position y> <hiding>
3 9 1
11 9 0
9 14 0
13 13 0
-1 -1 1
-1 -1 1
# Battle field states
 9 9 9 9 9 9 9 9 9 9 9 9 9 9 9
 9 9 9 9 9 9 9 9 9 9 9 9 9 9 9
 9 9 9 9 9 9 9 9 9 9 9 9 9 9 9
 9 9 9 9 9 9 9 9 9 9 9 9 9 9 9
 9 9 9 5 9 9 9 9 9 9 9 1 9 9 9
 9 9 5 0 5 9 9 9 9 9 1 1 1 9 9
 9 5 5 0 5 5 9 9 9 0 1 1 1 1 9
 0 5 5 0 5 5 5 9 0 1 1 1 1 1 1
 0 0 0 0 0 0 5 0 1 2 1 1 1 1 1
 0 0 0 0 0 5 5 1 1 1 1 1 1 1 1
 0 0 0 0 0 0 0 0 2 2 1 1 1 1 3
 1 0 0 0 0 0 0 0 2 2 3 1 1 3 3
 9 0 0 0 0 0 0 2 2 2 2 2 3 3 9
 9 9 0 0 0 0 0 0 2 3 3 3 3 3 9
 9 9 9 0 0 0 0 0 2 2 2 2 3 3 2
# Turn information for samurai of side 0 with weapon 1
# <turn>
303
# <cure period>
0
# Samurai states: <position x> <position y> <hiding>
4 9 0
11 10 1
9 14 0
-1 -1 1
-1 -1 1
-1 -1 1
# Battle field states
 9 9 9 9 9 9 9 9 9 9 9 9 9 9 9
 9 9 9 9 9 9 9 9 9 9 9 9 9 9 9
 9 9 9 9 9 9 9 9 9 9 9 9 9 9 9
 9 9 9 9 9 9 9 9 9 9 9 9 9 9 9
 9 9 9 9 5 9 9 9 9 9 9 9 9 9 9
 9 9 9 0 0 5 9 9 9 9 9 1 9 9 9
 9 9 5 0 0 5 5 9 9 9 1 1 1 9 9
 9 5 5 0 0 5 5 0 9 1 1 1 1 1 9
 0 0 0 0 0 0 5 0 1 2 1 1 1 3 1
 0 0 0 0 0 5 5 1 1 1 1 1 1 3 1
 0 0 0 0 0 0 0 0 2 1 1 1 1 3 3
 9 0 0 0 0 0 0 0 2 2 1 1 1 3 3
 9 9 0 0 0 0 0 2 2 2 2 1 3 3 3
 9 9 9 0 0 0 0 0 2 3 3 3 3 3 9
 9 9 9 9 0 0 0 0 2 2 2 2 3 3 2
# Turn information for samurai of side 0 with weapon 1
# <turn>
308
# <cure period>
28
# Samurai states: <position x> <position y> <hiding>
5 9 0
0 14 0
9 14 0
12 12 0
-1 -1 1
-1 -1 1
# Battle field states
 9 9 9 9 9 9 9 9 9 9 9 9 9 9 9
 9 9 9 9 9 9 9 9 9 9 9 9 9 9 9
 9 9 9 9 9 9 9 9 9 9 9 9 9 9 9
 9 9 9 9 9 9 9 9 9 9 9 9 9 9 9
 9 9 9 9 9 5 9 9 9 9 9 9 9 9 9
 9 9 9 9 0 0 5 9 9 9 9 9 9 9 9
 9 9 9 0 0 0 5 0 9 9 9 9 9 9 9
 9 9 5 0 0 0 5 0 0 9 9 9 9 9 9
 9 0 0 0 0 0 5 0 1 2 9 9 9 9 9
 0 0 0 0 0 5 5 1 1 1 1 9 9 9 9
 0 0 0 0 0 0 0 0 2 1 1 9 9 9 9
 1 0 0 0 0 0 0 0 2 2 1 1 9 9 9
 1 0 0 0 0 0 0 2 2 2 2 1 1 9 9
 1 0 0 0 0 0 0 0 2 3 3 3 3 3 9
 8 0 0 0 0 0 0 0 2 2 2 2 3 3 2
# Turn information for samurai of side 0 with weapon 1
# <turn>
315
# <cure period>
21
# Samurai states: <position x> <position y> <hiding>
6 9 0
0 14 0
9 14 0
-1 -1 1
-1 -1 1
-1 -1 1
# Battle field states
 9 9 9 9 9 9 9 9 9 9 9 9 9 9 9
 9 9 9 9 9 9 9 9 9 9 9 9 9 9 9
 9 9 9 9 9 9 9 9 9 9 9 9 9 9 9
 9 9 9 9 9 9 9 9 9 9 9 9 9 9 9
 9 9 9 9 9 9 5 9 9 9 9 9 9 9 9
 9 9 9 9 9 0 0 0 9 9 9 9 9 9 9
 9 9 9 9 0 0 0 0 0 9 9 9 9 9 9
 9 9 9 0 0 0 0 0 0 1 9 9 9 9 9
 9 9 0 0 0 0 0 0 1 2 1 9 9 9 9
 0 0 0 0 0 5 5 1 1 1 1 1 9 9 9
 0 0 0 0 0 0 0 0 2 1 1 9 9 9 9
 1 0 0 0 0 0 0 0 2 2 1 1 9 9 9
 1 0 0 0 0 0 0 2 3 3 3 3 1 9 9
 1 0 0 0 0 0 0 0 2 3 3 3 3 3 9
 8 0 0 0 0 0 0 0 2 2 2 2 3 3 2
# Turn information for samurai of side 0 with weapon 1
# <turn>
320
# <cure period>
16
# Samurai states: <position x> <position y> <hiding>
7 9 1
0 14 0
9 14 0
12 14 0
-1 -1 1
-1 -1 1
# Battle field states
 9 9 9 9 9 9 9 9 9 9 9 9 9 9 9
 9 9 9 9 9 9 9 9 9 9 9 9 9 9 9
 9 9 9 9 9 9 9 9 9 9 9 9 9 9 9
 9 9 9 9 9 9 9 9 9 9 9 9 9 9 9
 9 9 9 9 9 9 9 8 9 9 9 9 9 9 9
 9 9 9 9 9 9 0 0 3 9 9 9 9 9 9
 9 9 9 9 9 0 0 0 0 0 9 9 9 9 9
 9 9 9 9 0 0 0 0 0 1 1 9 9 9 9
 9 9 9 0 0 0 0 0 1 2 1 1 9 9 9
 0 9 0 0 0 0 0 1 1 1 1 1 3 9 9
 0 0 9 0 0 0 0 0 2 1 1 1 9 9 9
 1 0 0 9 0 0 0 0 2 2 1 1 9 9 9
 1 0 0 0 9 0 0 2 3 3 3 3 1 9 9
 1 0 0 0 0 0 0 0 2 3 3 3 3 3 9
 8 0 0 0 0 0 0 0 3 3 3 3 3 3 2
# Turn information for samurai of side 0 with weapon 1
# <turn>
327
# <cure period>
9
# Samurai states: <position x> <position y> <hiding>
8 9 0
0 14 0
9 14 0
-1 -1 1
-1 -1 1
-1 -1 1
# Battle field states
 9 9 9 9 9 9 9 9 9 9 9 9 9 9 9
 9 9 9 9 9 9 9 9 9 9 9 9 9 9 9
 9 9 9 9 9 9 9 9 9 9 9 9 9 9 9
 9 9 9 9 9 9 9 9 9 9 9 9 9 9 9
 9 9 9 9 9 9 9 9 2 9 9 9 9 9 9
 9 9 9 9 9 9 9 0 3 4 9 9 9 9 9
 9 9 9 9 9 9 0 0 0 0 4 9 9 9 9
 9 9 9 9 9 0 0 0 0 1 1 4 9 9 9
 9 9 9 9 0 0 0 0 1 2 1 1 3 9 9
 0 9 9 0 0 0 0 1 1 1 1 1 3 3 9
 0 0 9 9 0 0 0 0 0 1 1 1 3 9 9
 1 0 0 9 9 0 0 0 0 2 1 1 9 9 9
 1 0 0 0 9 9 0 2 0 3 3 3 1 9 9
 1 0 0 0 0 0 0 0 0 3 3 3 3 3 9
 8 0 0 0 0 0 0 0 3 3 3 3 3 3 2
# Turn information for samurai of side 0 with weapon 1
# <turn>
332
# <cure period>
4
# Samurai states: <position x> <position y> <hiding>
9 9 1
0 14 0
9 14 0
-1 -1 1
-1 -1 1
-1 -1 1
# Battle field states
 9 9 9 9 9 9 9 9 9 9 9 9 9 9 9
 9 9 9 9 9 9 9 9 9 9 9 9 9 9 9
 9 9 9 9 9 9 9 9 9 9 9 9 9 9 9
 9 9 9 9 9 9 9 9 9 9 9 9 9 9 9
 9 9 9 9 9 9 9 9 9 1 9 9 9 9 9
 9 9 9 9 9 9 9 9 3 4 4 9 9 9 9
 9 9 9 9 9 9 9 0 0 0 4 4 9 9 9
 9 9 9 9 9 9 0 0 0 1 1 4 4 9 9
 9 9 9 9 9 0 0 0 1 2 1 1 3 3 9
 0 9 9 9 0 0 0 1 1 1 1 1 3 3 1
 0 0 9 9 9 0 0 0 0 0 1 1 3 3 9
 1 0 0 9 9 9 0 0 0 0 1 1 3 9 9
 1 0 0 0 9 9 0 2 0 0 3 3 1 9 9
 1 0 0 0 0 0 0 0 0 0 3 3 3 3 9
 8 0 0 0 0 0 0 0 3 3 3 3 3 3 3
# Turn information for samurai of side 0 with weapon 1
# <turn>
339
# <cure period>
0
# Samurai states: <position x> <position y> <hiding>
10 9 0
0 14 0
9 14 0
14 14 0
11 7 0
-1 -1 1
# Battle field states
 9 9 9 9 9 9 9 9 9 9 9 9 9 9 9
 9 9 9 9 9 9 9 9 9 9 9 9 9 9 9
 9 9 9 9 9 9 9 9 9 9 9 9 9 9 9
 9 9 9 9 9 9 9 9 9 9 9 9 9 9 9
 9 9 9 9 9 9 9 9 9 9 4 9 9 9 9
 9 9 9 9 9 9 9 9 9 4 0 4 9 9 9
 9 9 9 9 9 9 9 9 0 4 0 4 4 9 9
 9 9 9 9 9 9 9 0 0 4 4 4 4 1 9
 9 9 9 9 9 9 0 0 1 2 4 4 3 3 1
 0 9 9 9 9 0 0 1 1 1 1 4 3 3 1
 0 0 9 9 9 9 0 0 0 0 1 1 3 3 3
 1 0 0 9 9 9 9 0 0 0 1 1 3 3 9
 1 0 0 0 9 9 0 2 0 0 3 3 1 9 9
 1 0 0 0 0 0 0 0 0 0 3 3 3 3 9
 8 0 0 0 0 0 0 0 3 3 3 3 3 3 3
# Turn information for samurai of side 0 with weapon 1
# <turn>
344
# <cure period>
0
# Samurai states: <position x> <position y> <hiding>
11 9 0
1 14 1
9 14 0
-1 -1 1
-1 -1 1
-1 -1 1
# Battle field states
 9 9 9 9 9 9 9 9 9 9 9 9 9 9 9
 9 9 9 9 9 9 9 9 9 9 9 9 9 9 9
 9 9 9 9 9 9 9 9 9 9 9 9 9 9 9
 9 9 9 9 9 9 9 9 9 9 9 9 9 9 9
 9 9 9 9 9 9 9 9 9 9 9 4 9 9 9
 9 9 9 9 9 9 9 9 9 9 0 0 4 9 9
 9 9 9 9 9 9 9 9 9 4 0 0 4 4 9
 9 9 9 9 9 9 9 9 0 4 4 0 4 1 1
 9 9 9 9 9 9 9 0 1 2 4 0 3 3 1
 9 0 9 9 9 9 0 1 1 1 1 4 3 3 1
 0 0 0 9 9 9 9 0 0 0 1 1 3 3 3
 1 0 0 0 9 9 9 0 0 0 1 1 3 3 3
 1 1 0 0 0 9 0 2 0 0 3 3 1 3 9
 1 1 1 0 0 0 0 0 0 0 3 3 3 3 9
 8 0 1 1 0 0 0 0 3 3 3 3 3 3 3
# Turn information for samurai of side 0 with weapon 1
# <turn>
351
# <cure period>
0
# Samurai states: <position x> <position y> <hiding>
12 9 0
2 14 0
9 14 0
14 12 0
-1 -1 1
-1 -1 1
# Battle field states
 9 9 9 9 9 9 9 9 9 9 9 9 9 9 9
 9 9 9 9 9 9 9 9 9 9 9 9 9 9 9
 9 9 9 9 9 9 9 9 9 9 9 9 9 9 9
 9 9 9 9 9 9 9 9 9 9 9 9 9 9 9
 9 9 9 9 9 9 9 9 9 9 9 9 4 9 9
 9 9 9 9 9 9 9 9 9 9 9 0 0 4 9
 9 9 9 9 9 9 9 9 9 9 0 0 0 4 1
 9 9 9 9 9 9 9 9 9 4 4 0 0 1 1
 9 9 9 9 9 9 9 9 1 2 4 0 0 3 3
 9 9 0 9 9 9 9 1 1 1 1 4 3 3 3
 9 0 0 0 9 9 9 9 0 0 1 1 3 3 3
 1 0 0 0 0 9 9 0 0 0 1 1 3 3 3
 1 1 1 0 0 0 0 2 0 0 3 3 1 3 3
 1 1 1 1 0 0 0 0 0 0 3 3 3 3 9
 8 0 1 1 1 0 0 0 3 3 3 3 3 3 3
# Turn information for samurai of side 0 with weapon 1
# <turn>
356
# <cure period>
0
# Samurai states: <position x> <position y> <hiding>
12 8 1
3 14 1
9 13 1
-1 -1 1
-1 -1 1
-1 -1 1
# Battle field states
 9 9 9 9 9 9 9 9 9 9 9 9 9 9 9
 9 9 9 9 9 9 9 9 9 9 9 9 9 9 9
 9 9 9 9 9 9 9 9 9 9 9 9 9 9 9
 9 9 9 9 9 9 9 9 9 9 9 9 4 9 9
 9 9 9 9 9 9 9 9 9 9 9 4 4 4 9
 9 9 9 9 9 9 9 9 9 9 0 0 0 4 4
 9 9 9 9 9 9 9 9 9 4 0 0 0 4 1
 9 9 9 9 9 9 9 9 5 4 4 0 0 1 1
 9 9 9 9 9 9 9 5 5 2 4 0 0 3 3
 9 9 9 0 9 9 9 9 1 1 1 4 3 3 3
 9 9 0 0 0 9 9 0 0 0 1 1 0 3 3
 9 0 0 0 0 0 0 0 0 0 1 1 0 3 3
 1 1 1 1 0 0 0 2 2 3 3 3 0 3 9
 1 1 1 1 1 0 0 0 2 0 2 3 0 3 3
 8 0 1 1 1 1 0 0 2 3 2 3 3 3 9
# Turn information for samurai of side 0 with weapon 1
# <turn>
363
# <cure period>
0
# Samurai states: <position x> <position y> <hiding>
13 8 0
4 14 0
10 13 0
14 9 0
-1 -1 1
-1 -1 1
# Battle field states
 9 9 9 9 9 9 9 9 9 9 9 9 9 9 9
 9 9 9 9 9 9 9 9 9 9 9 9 9 9 9
 9 9 9 9 9 9 9 9 9 9 9 9 9 9 9
 9 9 9 9 9 9 9 9 9 9 9 9 9 4 9
 9 9 9 9 9 9 9 9 9 9 9 9 4 4 4
 9 9 9 9 9 9 9 9 9 9 9 0 0 4 4
 9 9 9 9 9 9 9 9 9 9 0 0 0 4 1
 9 9 9 9 9 9 9 9 9 4 4 0 0 1 1
 9 9 9 9 9 9 9 9 5 2 4 0 0 3 3
 9 9 9 9 0 9 9 9 9 1 1 4 3 0 3
 9 9 9 0 0 0 9 9 0 0 1 1 0 0 3
 9 9 0 0 0 0 0 0 0 0 1 1 0 0 3
 9 1 1 1 1 0 0 2 2 2 2 2 0 0 3
 1 1 1 1 1 1 0 0 2 0 2 2 0 3 3
 8 0 1 1 1 1 1 0 2 2 2 2 3 3 3
# Turn information for samurai of side 0 with weapon 1
# <turn>
368
# <cure period>
0
# Samurai states: <position x> <position y> <hiding>
13 7 1
5 14 1
11 13 1
14 9 0
-1 -1 1
-1 -1 1
# Battle field states
 9 9 9 9 9 9 9 9 9 9 9 9 9 9 9
 9 9 9 9 9 9 9 9 9 9 9 9 9 9 9
 9 9 9 9 9 9 9 9 9 9 9 9 9 4 9
 9 9 9 9 9 9 9 9 9 9 9 9 4 0 4
 9 9 9 9 9 9 9 9 9 9 9 4 4 0 4
 9 9 9 9 9 9 9 9 9 9 0 0 0 0 4
 9 9 9 9 9 9 9 9 9 4 0 0 0 0 1
 9 9 9 9 9 9 9 9 5 4 4 0 0 1 1
 9 9 9 9 9 9 9 9 9 2 4 0 0 3 3
 9 9 9 9 9 0 9 9 9 9 1 4 3 0 3
 9 9 9 9 0 0 5 9 9 0 1 1 0 0 3
 9 9 9 0 0 0 0 0 0 0 1 1 0 0 3
 9 9 1 1 1 1 0 2 2 2 2 2 2 0 3
 9 1 1 1 1 1 1 0 2 0 2 2 2 3 3
 8 0 1 1 1 1 1 1 2 2 2 2 2 3 3
# Turn information for samurai of side 0 with weapon 1
# <turn>
375
# <cure period>
0
# Samurai states: <position x> <position y> <hiding>
14 7 0
6 14 0
12 13 0
14 9 0
-1 -1 1
7 10 0
# Battle field states
 9 9 9 9 9 9 9 9 9 9 9 9 9 9 9
 9 9 9 9 9 9 9 9 9 9 9 9 9 9 9
 9 9 9 9 9 9 9 9 9 9 9 9 9 9 4
 9 9 9 9 9 9 9 9 9 9 9 9 9 0 4
 9 9 9 9 9 9 9 9 9 9 9 9 4 0 0
 9 9 9 9 9 9 9 9 9 9 9 0 0 0 0
 9 9 9 9 9 9 9 9 9 9 0 0 0 0 0
 9 9 9 9 9 9 9 9 9 4 4 0 0 1 1
 9 9 9 9 9 9 9 9 9 9 4 0 0 3 3
 9 9 9 9 9 9 5 9 9 9 9 4 3 0 3
 9 9 9 9 9 0 5 5 9 9 1 1 0 0 3
 9 9 9 9 0 0 5 5 5 0 1 1 0 0 3
 9 9 9 1 1 1 1 2 2 2 2 2 2 2 3
 9 9 1 1 1 1 1 1 2 0 2 2 2 2 3
 9 0 1 1 1 1 1 1 1 2 2 2 2 2 3
# Turn information for samurai of side 0 with weapon 1
# <turn>
380
# <cure period>
0
# Samurai states: <position x> <position y> <hiding>
14 6 1
6 13 1
13 13 1
14 9 0
-1 -1 1
-1 -1 1
# Battle field states
 9 9 9 9 9 9 9 9 9 9 9 9 9 9 9
 9 9 9 9 9 9 9 9 9 9 9 9 9 9 4
 9 9 9 9 9 9 9 9 9 9 9 9 9 4 4
 9 9 9 9 9 9 9 9 9 9 9 9 4 0 4
 9 9 9 9 9 9 9 9 9 9 9 4 4 0 0
 9 9 9 9 9 9 9 9 9 9 0 0 0 0 0
 9 9 9 9 9 9 9 9 9 4 0 0 0 0 0
 9 9 9 9 9 9 9 9 9 9 4 0 0 1 1
 9 9 9 9 9 9 5 9 9 9 9 0 0 3 0
 9 9 9 9 9 0 5 5 9 9 9 9 3 0 0
 9 9 9 9 0 0 5 5 5 9 9 1 0 0 0
 9 9 9 0 0 0 5 5 5 0 1 1 0 0 0
 9 9 1 1 1 1 5 1 5 2 2 2 2 2 2
 9 1 1 1 1 1 1 1 1 0 2 2 2 2 2
 9 9 1 1 1 1 1 1 1 2 2 2 2 2 2
# Turn information for samurai of side 0 with weapon 1
# <turn>
387
# <cure period>
0
# Samurai states: <position x> <position y> <hiding>
14 5 0
6 12 0
13 12 0
14 9 0
14 0 0
-1 -1 1
# Battle field states
 9 9 9 9 9 9 9 9 9 9 9 9 9 9 2
 9 9 9 9 9 9 9 9 9 9 9 9 9 4 0
 9 9 9 9 9 9 9 9 9 9 9 9 4 4 0
 9 9 9 9 9 9 9 9 9 9 9 4 4 4 0
 9 9 9 9 9 9 9 9 9 9 4 4 4 0 0
 9 9 9 9 9 9 9 9 9 4 0 0 0 0 0
 9 9 9 9 9 9 9 9 9 9 0 0 0 0 0
 9 9 9 9 9 9 5 9 9 9 9 0 0 1 1
 9 9 9 9 9 0 5 5 9 9 9 9 0 3 0
 9 9 9 9 0 0 5 5 5 9 9 4 3 0 0
 9 9 9 0 0 0 1 5 5 0 1 1 0 0 0
 9 9 0 0 0 0 1 1 5 0 1 1 2 2 2
 9 1 1 1 1 1 5 1 1 2 2 2 2 2 2
 9 9 1 1 1 1 1 1 1 0 2 2 2 2 2
 9 9 9 1 1 1 1 1 1 2 2 2 2 2 2
# Turn information for samurai of side 0 with weapon 1
# <turn>
392
# <cure period>
0
# Samurai states: <position x> <position y> <hiding>
14 4 1
6 11 1
13 11 1
14 9 0
14 0 0
-1 -1 1
# Battle field states
 9 9 9 9 9 9 9 9 9 9 9 9 9 4 2
 9 9 9 9 9 9 9 9 9 9 9 9 4 4 0
 9 9 9 9 9 9 9 9 9 9 9 4 4 4 0
 9 9 9 9 9 9 9 9 9 9 1 4 4 4 0
 9 9 9 9 9 9 9 9 9 1 0 0 0 0 0
 9 9 9 9 9 9 9 9 9 9 0 0 0 0 0
 9 9 9 9 9 9 5 9 9 9 9 0 0 0 0
 9 9 9 9 9 0 5 5 9 9 9 9 0 1 1
 9 9 9 9 0 0 5 5 5 9 9 0 0 3 0
 9 9 9 0 0 0 1 5 5 1 1 4 3 0 0
 9 9 0 0 0 0 1 1 5 0 1 1 2 2 2
 9 0 0 0 0 0 1 1 1 0 1 1 2 2 2
 9 9 1 1 1 1 5 1 1 2 2 2 2 2 2
 9 9 9 1 1 1 1 1 1 0 2 2 2 2 2
 9 9 9 9 1 1 1 1 1 9 9 2 2 2 2
# Turn information for samurai of side 0 with weapon 1
# <turn>
399
# <cure period>
0
# Samurai states: <position x> <position y> <hiding>
13 4 0
6 10 0
13 10 0
14 9 0
14 0 0
-1 -1 1
# Battle field states
 9 9 9 9 9 9 9 9 9 9 9 9 4 0 2
 9 9 9 9 9 9 9 9 9 9 9 4 4 0 0
 9 9 9 9 9 9 9 9 9 9 3 4 4 0 0
 9 9 9 9 9 9 9 9 9 3 1 4 4 0 0
 9 9 9 9 9 9 9 9 5 1 0 0 0 0 0
 9 9 9 9 9 9 5 9 9 4 0 0 0 0 0
 9 9 9 9 9 0 5 5 9 9 0 0 0 0 0
 9 9 9 9 0 0 5 5 5 9 9 0 0 1 1
 9 9 9 0 0 0 1 5 5 2 4 0 0 3 0
 9 9 0 0 0 0 1 1 5 1 1 4 2 2 2
 9 0 0 0 0 0 1 1 1 0 1 1 2 2 2
 9 9 0 0 0 0 1 1 1 0 1 1 2 2 2
 9 9 9 1 1 1 5 1 1 2 2 2 2 2 2
 9 9 9 9 1 1 1 1 1 9 9 2 2 2 2
 9 9 9 9 9 1 1 1 9 9 9 9 2 2 2
# Turn information for samurai of side 0 with weapon 1
# <turn>
404
# <cure period>
0
# Samurai states: <position x> <position y> <hiding>
12 4 1
6 9 1
13 9 1
14 9 0
-1 -1 1
-1 -1 1
# Battle field states
 9 9 9 9 9 9 9 9 9 9 9 4 0 0 9
 9 9 9 9 9 9 9 9 9 9 3 4 0 0 0
 9 9 9 9 9 9 9 9 9 3 3 4 0 0 0
 9 9 9 9 9 9 9 9 5 3 1 4 0 0 0
 9 9 9 9 9 9 5 5 5 1 0 0 0 0 0
 9 9 9 9 9 0 5 5 5 4 0 0 0 0 0
 9 9 9 9 0 0 5 5 5 4 0 0 0 0 0
 9 9 9 0 0 0 1 5 5 4 4 0 0 1 1
 9 9 0 0 0 0 1 1 5 2 4 0 2 2 2
 9 0 0 0 0 0 1 1 1 1 1 4 2 2 2
 9 9 0 0 0 0 1 1 1 0 1 1 2 2 2
 9 9 9 0 0 0 1 1 1 0 1 1 2 2 2
 9 9 9 9 1 1 5 1 1 9 9 2 2 2 2
 9 9 9 9 9 1 1 1 9 9 9 9 2 2 2
 9 9 9 9 9 9 1 9 9 9 9 9 9 2 9
# Turn information for samurai of side 0 with weapon 1
# <turn>
411
# <cure period>
0
# Samurai states: <position x> <position y> <hiding>
11 4 0
6 8 0
12 9 0
14 9 0
-1 -1 1
-1 -1 1
# Battle field states
 9 9 9 9 9 9 9 9 9 9 3 0 0 9 9
 9 9 9 9 9 9 9 9 9 3 3 0 0 0 9
 9 9 9 9 9 9 9 9 5 3 3 0 0 0 0
 9 9 9 9 9 9 5 5 5 3 1 0 0 0 0
 9 9 9 9 9 5 5 5 5 1 0 0 0 0 0
 9 9 9 9 0 0 5 5 5 4 0 0 0 0 0
 9 9 9 0 0 0 1 5 5 4 0 0 0 0 0
 9 9 5 0 0 0 1 1 5 4 4 0 0 1 1
 9 0 0 0 0 0 1 1 1 2 4 2 2 2 2
 9 9 0 0 0 0 1 1 1 1 1 2 2 2 2
 9 9 9 0 0 0 1 1 1 0 1 2 2 2 2
 9 9 9 9 0 0 1 1 1 0 1 1 2 2 2
 9 9 9 9 9 1 5 1 9 9 2 2 2 2 2
 9 9 9 9 9 9 1 9 9 9 9 2 2 2 9
 9 9 9 9 9 9 9 9 9 9 9 9 2 9 9
# Turn information for samurai of side 0 with weapon 1
# <turn>
416
# <cure period>
0
# Samurai states: <position x> <position y> <hiding>
11 3 1
6 7 1
11 9 1
14 9 0
-1 -1 1
-1 -1 1
# Battle field states
 9 9 9 9 9 9 9 9 9 3 3 0 0 0 9
 9 9 9 9 9 9 9 9 5 3 3 0 0 0 0
 9 9 9 9 9 9 5 5 5 3 3 0 0 0 0
 9 9 9 9 9 5 5 0 0 0 0 0 0 0 0
 9 9 9 9 5 5 5 5 5 1 0 0 0 0 0
 9 9 9 0 0 0 1 5 5 4 0 0 0 0 0
 9 9 5 0 0 0 1 1 5 4 0 0 0 0 9
 9 5 5 0 0 0 1 1 1 4 4 0 0 1 1
 9 9 0 0 0 0 1 1 1 2 2 2 2 2 2
 9 9 9 0 0 0 1 1 1 1 2 2 2 2 2
 9 9 9 9 0 0 1 1 1 0 2 2 2 2 2
 9 9 9 9 9 0 1 1 1 0 1 1 2 2 2
 9 9 9 9 9 9 5 9 9 2 2 2 2 2 9
 9 9 9 9 9 9 9 9 9 9 2 2 2 9 9
 9 9 9 9 9 9 9 9 9 9 9 2 9 9 9
# Turn information for samurai of side 0 with weapon 1
# <turn>
423
# <cure period>
0
# Samurai states: <position x> <position y> <hiding>
11 2 0
7 7 0
11 8 0
14 9 0
-1 -1 1
-1 -1 1
# Battle field states
 9 9 9 9 9 9 9 9 5 3 3 0 4 4 2
 9 9 9 9 9 9 9 5 5 3 3 0 4 4 4
 9 9 9 9 9 9 5 0 0 0 0 0 0 4 4
 9 9 9 9 9 9 5 0 0 0 0 0 0 0 4
 9 9 9 9 9 5 5 5 5 1 0 0 0 0 0
 9 9 9 9 0 0 1 1 5 4 0 0 0 0 9
 9 9 9 0 0 0 1 1 1 4 0 0 0 0 0
 9 9 5 0 0 0 1 1 1 1 2 2 2 1 1
 9 9 9 0 0 0 1 1 1 2 2 2 2 2 2
 9 9 9 9 0 0 1 1 1 1 2 2 2 2 2
 9 9 9 9 9 0 1 1 1 0 2 2 2 2 2
 9 9 9 9 9 9 1 1 1 0 1 1 2 2 9
 9 9 9 9 9 9 9 1 9 9 2 2 2 9 9
 9 9 9 9 9 9 9 9 9 9 9 2 9 9 9
 9 9 9 9 9 9 9 9 9 9 9 9 9 9 9
# Turn information for samurai of side 0 with weapon 1
# <turn>
428
# <cure period>
0
# Samurai states: <position x> <position y> <hiding>
11 1 1
7 6 1
11 7 1
14 9 0
-1 -1 1
6 1 0
# Battle field states
 9 9 9 9 9 9 9 5 5 3 3 0 4 4 2
 9 9 9 9 9 9 5 0 0 0 0 0 4 4 4
 9 9 9 9 9 9 5 5 0 0 0 0 0 4 4
 9 9 9 9 9 5 5 0 0 0 0 0 0 0 4
 9 9 9 9 5 5 5 1 5 1 0 0 0 0 9
 9 9 9 0 0 0 1 1 1 4 0 0 0 0 0
 9 9 5 0 0 0 1 1 1 1 2 2 2 0 0
 9 9 9 0 0 0 1 1 1 1 2 2 2 1 1
 9 9 9 9 0 0 1 1 1 2 2 2 2 2 2
 9 9 9 9 9 0 1 1 1 1 2 2 2 2 2
 9 9 9 9 9 9 1 1 1 0 2 2 2 2 9
 9 9 9 9 9 9 9 1 9 9 1 1 2 9 9
 9 9 9 9 9 9 9 9 9 9 9 2 9 9 9
 9 9 9 9 9 9 9 9 9 9 9 9 9 9 9
 9 9 9 9 9 9 9 9 9 9 9 9 9 9 9
# Turn information for samurai of side 0 with weapon 1
# <turn>
435
# <cure period>
0
# Samurai states: <position x> <position y> <hiding>
11 0 0
8 6 0
11 6 0
-1 -1 1
-1 -1 1
-1 -1 1
# Battle field states
 9 9 9 9 9 9 5 0 0 0 0 0 4 4 2
 9 9 9 9 9 9 9 5 0 0 0 0 4 4 4
 9 9 9 9 9 9 9 5 0 0 0 0 4 4 4
 9 9 9 9 9 9 5 0 0 0 0 0 4 4 9
 9 9 9 9 9 5 5 1 1 1 0 0 0 4 4
 9 9 9 9 0 0 1 1 1 1 2 2 2 0 4
 9 9 9 0 0 0 1 1 1 1 2 2 2 0 0
 9 9 9 9 0 0 1 1 1 1 2 2 2 1 1
 9 9 9 9 9 0 1 1 1 2 2 2 2 2 2
 9 9 9 9 9 9 1 1 1 1 2 2 2 2 9
 9 9 9 9 9 9 9 1 1 0 2 2 2 9 9
 9 9 9 9 9 9 9 9 1 9 9 1 9 9 9
 9 9 9 9 9 9 9 9 9 9 9 9 9 9 9
 9 9 9 9 9 9 9 9 9 9 9 9 9 9 9
 9 9 9 9 9 9 9 9 9 9 9 9 9 9 9
# Turn information for samurai of side 0 with weapon 1
# <turn>
440
# <cure period>
0
# Samurai states: <position x> <position y> <hiding>
11 1 1
9 6 1
10 6 1
-1 -1 1
-1 -1 1
7 2 0
# Battle field states
 9 9 9 9 9 9 9 0 0 0 0 0 4 4 2
 9 9 9 9 9 9 5 5 5 0 0 0 0 0 0
 9 9 9 9 9 9 9 5 5 0 0 0 4 4 4
 9 9 9 9 9 9 9 5 5 0 0 0 4 4 4
 9 9 9 9 9 9 5 1 1 1 0 0 0 4 9
 9 9 9 9 9 0 1 1 1 2 2 2 2 0 4
 9 9 9 9 0 0 1 1 1 2 1 2 2 0 0
 9 9 9 9 9 0 1 1 1 2 2 2 2 1 1
 9 9 9 9 9 9 1 1 1 1 2 2 2 2 9
 9 9 9 9 9 9 9 1 1 1 3 3 3 9 9
 9 9 9 9 9 9 9 9 1 0 2 2 9 9 9
 9 9 9 9 9 9 9 9 9 0 1 9 9 9 9
 9 9 9 9 9 9 9 9 9 9 9 9 9 9 9
 9 9 9 9 9 9 9 9 9 9 9 9 9 9 9
 9 9 9 9 9 9 9 9 9 9 9 9 9 9 9
# Turn information for samurai of side 0 with weapon 1
# <turn>
447
# <cure period>
0
# Samurai states: <position x> <position y> <hiding>
12 1 0
10 6 0
10 5 0
-1 -1 1
-1 -1 1
-1 -1 1
# Battle field states
 9 9 9 9 9 9 9 9 0 0 0 0 4 4 2
 9 9 9 9 9 9 9 5 5 0 0 0 0 0 0
 9 9 9 9 9 9 9 9 5 0 0 0 0 4 4
 9 9 9 9 9 9 9 5 5 0 0 0 0 4 4
 9 9 9 9 9 9 5 5 5 2 2 4 4 4 4
 9 9 9 9 9 0 1 1 1 2 2 2 4 4 4
 9 9 9 9 9 0 1 1 1 2 2 2 1 4 4
 9 9 9 9 9 9 1 1 1 2 1 1 2 1 1
 9 9 9 9 9 9 9 1 1 1 1 2 2 2 9
 9 9 9 9 9 9 9 9 1 1 3 3 3 9 9
 9 9 9 9 9 9 9 9 9 0 3 3 9 9 9
 9 9 9 9 9 9 9 9 9 9 1 9 9 9 9
 9 9 9 9 9 9 9 9 9 9 9 9 9 9 9
 9 9 9 9 9 9 9 9 9 9 9 9 9 9 9
 9 9 9 9 9 9 9 9 9 9 9 9 9 9 9
# Turn information for samurai of side 0 with weapon 1
# <turn>
452
# <cure period>
0
# Samurai states: <position x> <position y> <hiding>
13 1 1
11 6 1
11 5 1
-1 -1 1
14 0 0
7 4 0
# Battle field states
 9 9 9 9 9 9 9 9 9 0 0 0 4 4 2
 9 9 9 9 9 9 9 9 5 0 0 0 0 0 0
 9 9 9 9 9 9 9 9 9 0 0 0 0 0 4
 9 9 9 9 9 9 9 9 5 0 0 0 0 0 4
 9 9 9 9 9 9 9 5 5 2 2 2 2 0 4
 9 9 9 9 9 9 5 5 5 2 2 1 2 0 4
 9 9 9 9 9 9 1 1 1 2 2 2 2 1 4
 9 9 9 9 9 9 9 1 1 2 1 1 2 1 1
 9 9 9 9 9 9 9 9 1 1 1 2 2 2 2
 9 9 9 9 9 9 9 9 9 1 3 3 3 3 9
 9 9 9 9 9 9 9 9 9 9 3 3 3 9 9
 9 9 9 9 9 9 9 9 9 9 9 3 9 9 9
 9 9 9 9 9 9 9 9 9 9 9 9 9 9 9
 9 9 9 9 9 9 9 9 9 9 9 9 9 9 9
 9 9 9 9 9 9 9 9 9 9 9 9 9 9 9
# Turn information for samurai of side 0 with weapon 1
# <turn>
459
# <cure period>
0
# Samurai states: <position x> <position y> <hiding>
14 1 0
11 7 0
11 6 0
-1 -1 1
14 0 0
-1 -1 1
# Battle field states
 9 9 9 9 9 9 9 9 9 9 0 0 4 4 2
 9 9 9 9 9 9 9 9 9 0 0 0 0 0 0
 9 9 9 9 9 9 9 9 9 9 0 0 0 0 0
 9 9 9 9 9 9 9 9 9 0 0 0 0 0 0
 9 9 9 9 9 9 9 9 5 2 2 2 2 0 0
 9 9 9 9 9 9 9 5 5 2 2 2 2 0 0
 9 9 9 9 9 9 5 5 5 2 2 2 2 1 4
 9 9 9 9 9 9 1 1 1 2 2 2 2 1 1
 9 9 9 9 9 9 9 1 1 1 1 1 1 2 2
 9 9 9 9 9 9 9 9 1 1 3 1 3 3 2
 9 9 9 9 9 9 9 9 9 0 3 3 3 3 9
 9 9 9 9 9 9 9 9 9 9 3 3 3 9 9
 9 9 9 9 9 9 9 9 9 9 9 3 9 9 9
 9 9 9 9 9 9 9 9 9 9 9 9 9 9 9
 9 9 9 9 9 9 9 9 9 9 9 9 9 9 9
# Turn information for samurai of side 0 with weapon 1
# <turn>
464
# <cure period>
0
# Samurai states: <position x> <position y> <hiding>
14 2 1
11 8 1
11 7 1
-1 -1 1
14 0 0
7 6 0
# Battle field states
 9 9 9 9 9 9 9 9 9 9 9 0 4 4 2
 9 9 9 9 9 9 9 9 9 9 0 0 0 0 0
 9 9 9 9 9 9 9 9 9 0 0 0 0 0 0
 9 9 9 9 9 9 9 9 9 9 0 0 0 0 0
 9 9 9 9 9 9 9 9 9 2 2 2 2 0 0
 9 9 9 9 9 9 9 9 5 2 2 2 2 0 0
 9 9 9 9 9 9 9 5 5 2 2 2 2 1 0
 9 9 9 9 9 9 5 5 5 2 2 2 2 1 1
 9 9 9 9 9 9 1 1 1 1 2 2 2 1 2
 9 9 9 9 9 9 9 1 1 1 3 1 1 3 2
 9 9 9 9 9 9 9 9 1 0 3 1 3 3 3
 9 9 9 9 9 9 9 9 9 0 3 3 3 3 9
 9 9 9 9 9 9 9 9 9 9 3 3 3 9 9
 9 9 9 9 9 9 9 9 9 9 9 3 9 9 9
 9 9 9 9 9 9 9 9 9 9 9 9 9 9 9
# Turn information for samurai of side 0 with weapon 1
# <turn>
471
# <cure period>
0
# Samurai states: <position x> <position y> <hiding>
13 2 0
11 9 0
11 8 0
-1 -1 1
14 0 0
-1 -1 1
# Battle field states
 9 9 9 9 9 9 9 9 9 9 0 0 4 0 2
 9 9 9 9 9 9 9 9 9 0 0 0 0 0 0
 9 9 9 9 9 9 9 9 5 0 0 0 0 0 0
 9 9 9 9 9 9 9 9 9 0 0 0 0 0 0
 9 9 9 9 9 9 9 9 9 9 2 2 2 0 0
 9 9 9 9 9 9 9 9 9 2 2 2 2 0 0
 9 9 9 9 9 9 9 9 5 2 2 2 2 1 0
 9 9 9 9 9 9 9 5 5 2 2 2 2 1 1
 9 9 9 9 9 9 5 5 5 1 2 2 2 1 2
 9 9 9 9 9 9 1 1 1 1 2 2 2 1 2
 9 9 9 9 9 9 9 1 1 0 3 1 1 3 3
 9 9 9 9 9 9 9 9 1 0 3 1 3 3 3
 9 9 9 9 9 9 9 9 9 2 3 3 3 3 9
 9 9 9 9 9 9 9 9 9 9 3 3 3 9 9
 9 9 9 9 9 9 9 9 9 9 9 3 9 9 9
# Turn information for samurai of side 0 with weapon 1
# <turn>
476
# <cure period>
0
# Samurai states: <position x> <position y> <hiding>
12 2 1
11 10 1
11 9 1
-1 -1 1
14 0 0
7 8 0
# Battle field states
 9 9 9 9 9 9 9 9 9 0 0 0 0 0 2
 9 9 9 9 9 9 9 9 5 0 0 0 0 0 0
 9 9 9 9 9 9 9 5 5 0 0 0 0 0 0
 9 9 9 9 9 9 9 9 5 0 0 0 0 0 0
 9 9 9 9 9 9 9 9 9 2 2 2 2 0 0
 9 9 9 9 9 9 9 9 9 9 2 2 2 0 0
 9 9 9 9 9 9 9 9 9 2 2 2 2 1 9
 9 9 9 9 9 9 9 9 5 2 2 2 2 1 1
 9 9 9 9 9 9 9 5 5 1 2 2 2 1 2
 9 9 9 9 9 9 5 5 5 1 2 2 2 1 2
 9 9 9 9 9 9 1 1 1 1 2 2 2 3 3
 9 9 9 9 9 9 9 1 1 0 1 1 3 3 3
 9 9 9 9 9 9 9 9 1 2 3 1 3 3 3
 9 9 9 9 9 9 9 9 9 0 3 3 3 3 9
 9 9 9 9 9 9 9 9 9 9 3 3 3 9 9
# Turn information for samurai of side 0 with weapon 1
# <turn>
483
# <cure period>
0
# Samurai states: <position x> <position y> <hiding>
11 2 0
12 10 0
11 10 0
13 13 0
14 0 0
-1 -1 1
# Battle field states
 9 9 9 9 9 9 9 9 0 0 0 0 4 4 2
 9 9 9 9 9 9 9 5 5 0 0 0 0 4 4
 9 9 9 9 9 9 5 0 0 0 0 0 0 0 4
 9 9 9 9 9 9 9 5 5 0 0 0 0 0 0
 9 9 9 9 9 9 9 9 5 2 2 2 2 0 0
 9 9 9 9 9 9 9 9 9 2 2 2 2 0 9
 9 9 9 9 9 9 9 9 9 9 2 2 2 1 9
 9 9 9 9 9 9 9 9 9 2 2 2 2 1 1
 9 9 9 9 9 9 9 9 5 1 2 2 2 1 2
 9 9 9 9 9 9 9 5 5 1 2 2 2 3 2
 9 9 9 9 9 9 5 5 5 1 2 2 2 3 1
 9 9 9 9 9 9 9 1 1 0 2 2 2 3 3
 9 9 9 9 9 9 9 9 1 2 3 1 1 3 3
 9 9 9 9 9 9 9 9 9 0 3 3 3 3 3
 9 9 9 9 9 9 9 9 9 9 3 3 3 3 9
# Turn information for samurai of side 0 with weapon 1
# <turn>
488
# <cure period>
0
# Samurai states: <position x> <position y> <hiding>
11 3 1
12 11 1
12 10 1
-1 -1 1
-1 -1 1
7 10 0
# Battle field states
 9 9 9 9 9 9 9 9 9 0 0 0 4 4 9
 9 9 9 9 9 9 9 9 5 0 0 0 0 4 4
 9 9 9 9 9 9 9 0 0 0 0 0 0 0 4
 9 9 9 9 9 9 5 0 0 0 0 0 0 0 0
 9 9 9 9 9 9 9 5 5 2 2 2 2 0 0
 9 9 9 9 9 9 9 9 5 2 2 2 2 0 0
 9 9 9 9 9 9 9 9 9 2 2 2 2 1 9
 9 9 9 9 9 9 9 9 9 9 2 2 2 1 1
 9 9 9 9 9 9 9 9 9 1 2 2 2 1 2
 9 9 9 9 9 9 9 9 5 1 2 2 2 3 2
 9 9 9 9 9 9 9 5 5 1 2 2 2 3 1
 9 9 9 9 9 9 9 5 5 0 2 2 2 3 1
 9 9 9 9 9 9 9 9 1 2 3 1 1 3 3
 9 9 9 9 9 9 9 9 9 0 3 3 1 3 3
 9 9 9 9 9 9 9 9 9 9 3 3 3 3 3
# Turn information for samurai of side 0 with weapon 1
# <turn>
495
# <cure period>
28
# Samurai states: <position x> <position y> <hiding>
11 4 0
0 14 0
9 14 0
12 14 0
14 2 0
-1 -1 1
# Battle field states
 9 9 9 9 9 9 9 9 9 9 0 0 4 9 9
 9 9 9 9 9 9 9 9 9 0 0 0 4 4 9
 9 9 9 9 9 9 9 9 0 0 0 0 4 4 4
 9 9 9 9 9 9 9 0 0 0 0 0 0 4 4
 9 9 9 9 9 9 5 0 0 0 0 2 2 0 4
 9 9 9 9 9 9 9 5 5 2 2 2 2 0 0
 9 9 9 9 9 9 9 9 5 2 2 2 2 1 0
 9 9 9 9 9 9 9 9 9 2 2 2 2 1 9
 9 9 9 9 9 9 9 9 9 9 2 2 2 9 9
 0 9 9 9 9 9 9 9 9 1 9 2 9 9 9
 0 0 9 9 9 9 9 9 5 1 2 9 9 9 9
 1 0 0 9 9 9 9 5 5 0 2 2 9 9 9
 1 1 1 1 9 9 5 5 5 2 3 2 3 9 9
 1 1 1 1 1 1 1 1 1 0 3 3 3 1 9
 8 0 1 1 1 1 1 1 1 2 3 3 1 3 3
# Turn information for samurai of side 0 with weapon 1
# <turn>
500
# <cure period>
23
# Samurai states: <position x> <position y> <hiding>
12 4 1
0 14 0
9 14 0
-1 -1 1
14 2 0
7 12 0
# Battle field states
 9 9 9 9 9 9 9 9 9 9 9 0 0 4 9
 9 9 9 9 9 9 9 9 9 9 0 0 0 4 4
 9 9 9 9 9 9 9 9 9 0 0 0 0 4 4
 9 9 9 9 9 9 9 9 0 0 0 0 0 4 4
 9 9 9 9 9 9 9 0 0 0 0 2 2 0 4
 9 9 9 9 9 9 9 9 5 2 2 2 2 0 0
 9 9 9 9 9 9 9 9 9 2 2 2 2 1 0
 9 9 9 9 9 9 9 9 9 9 2 2 2 1 1
 9 9 9 9 9 9 9 9 9 9 9 2 2 1 9
 0 9 9 9 9 9 9 9 9 1 9 9 2 9 9
 0 0 9 9 9 9 9 9 5 1 2 9 9 9 9
 1 0 0 9 9 9 9 5 5 0 2 2 9 9 9
 1 1 1 1 9 9 5 5 5 2 3 2 3 9 9
 1 1 1 1 1 1 5 5 5 0 3 3 3 3 9
 8 0 1 1 1 1 1 1 1 2 3 3 1 3 3
# Turn information for samurai of side 0 with weapon 1
# <turn>
507
# <cure period>
16
# Samurai states: <position x> <position y> <hiding>
13 4 0
0 14 0
9 14 0
14 14 0
14 0 0
-1 -1 1
# Battle field states
 9 9 9 9 9 9 9 9 9 9 9 9 0 0 2
 9 9 9 9 9 9 9 9 9 9 9 0 0 0 4
 9 9 9 9 9 9 9 9 9 9 0 4 4 0 4
 9 9 9 9 9 9 9 9 9 0 0 0 4 0 4
 9 9 9 9 9 9 9 9 0 0 0 2 2 4 4
 9 9 9 9 9 9 9 9 9 2 2 2 2 0 0
 9 9 9 9 9 9 9 9 9 9 2 2 2 1 0
 9 9 9 9 9 9 9 9 9 9 9 2 2 1 1
 9 9 9 9 9 9 9 9 9 9 9 9 2 1 2
 0 9 9 9 9 9 9 9 9 1 9 9 9 3 9
 0 0 9 9 9 9 9 9 5 1 2 9 9 9 9
 1 0 0 9 9 9 9 5 5 0 2 2 9 9 9
 1 1 1 1 9 9 5 5 5 2 3 2 3 9 9
 1 1 1 1 1 1 5 5 5 0 3 3 3 3 9
 8 0 1 1 1 1 5 5 5 2 3 3 1 3 3
