# <# turns> <side> <weapon> <width> <height> <cure period>
510 1 2 15 15 30
# Home positions
14 9
14 0
5 0
0 5
0 14
9 14
# Ranks and scores of samurai
1 80
0 93
4 28
2 40
5 24
3 31
# Turn information for samurai of side 1 with weapon 2
# <turn>
5
# <cure period>
0
# Samurai states: <position x> <position y> <hiding>
14 9 0
14 0 0
5 0 0
-1 -1 1
-1 -1 1
-1 -1 1
# Battle field states
 8 8 8 8 8 8 8 8 8 8 8 8 1 1 8
 9 8 8 8 8 8 8 8 8 8 8 8 8 1 1
 9 9 8 8 8 8 8 8 8 9 9 8 8 8 1
 9 9 9 8 8 8 8 8 9 9 9 9 8 8 8
 9 9 9 9 8 8 8 9 9 9 9 9 9 8 8
 9 9 9 9 9 8 9 9 9 9 9 9 9 8 8
 9 9 9 9 9 9 9 9 9 9 9 9 8 8 8
 9 9 9 9 9 9 9 9 9 9 9 8 8 8 8
 9 9 9 9 9 9 9 9 9 9 8 8 8 8 8
 9 9 9 9 9 9 9 9 9 8 8 8 8 8 8
 9 9 9 9 9 9 9 9 9 9 8 8 8 8 0
 9 9 9 9 9 9 9 9 9 9 9 8 8 8 0
 9 9 9 9 9 9 9 9 9 9 9 9 8 8 0
 9 9 9 9 9 9 9 9 9 9 9 9 9 8 0
 9 9 9 9 9 9 9 9 9 9 9 9 9 9 8
# Turn information for samurai of side 1 with weapon 2
# <turn>
10
# <cure period>
0
# Samurai states: <position x> <position y> <hiding>
14 10 1
14 1 1
5 1 0
-1 -1 1
-1 -1 1
-1 -1 1
# Battle field states
 9 8 8 8 2 8 2 8 8 8 8 8 1 1 8
 8 8 8 8 2 8 2 8 8 8 8 8 1 1 1
 9 8 8 8 2 2 2 8 8 8 8 8 8 1 1
 9 9 8 8 8 8 8 8 8 9 9 8 8 8 1
 9 9 9 8 8 8 8 8 9 9 9 9 8 8 8
 9 9 9 9 3 8 8 9 9 9 9 9 9 8 0
 9 9 9 9 9 8 9 9 9 9 9 9 9 8 0
 9 9 9 9 9 9 9 9 9 9 9 9 8 8 0
 9 9 9 9 9 9 9 9 9 9 9 8 8 8 0
 9 9 9 9 9 9 9 9 9 9 8 8 8 8 8
 9 9 9 9 9 9 9 9 9 8 8 8 8 8 0
 9 9 9 9 9 9 9 9 9 9 8 8 8 8 0
 9 9 9 9 9 9 9 9 9 9 9 8 8 8 0
 9 9 9 9 9 9 9 9 9 9 9 9 8 8 0
 9 9 9 9 9 9 9 9 9 9 9 9 9 8 8
# Turn information for samurai of side 1 with weapon 2
# <turn>
17
# <cure period>
0
# Samurai states: <position x> <position y> <hiding>
14 10 1
14 2 0
5 2 1
-1 -1 1
-1 -1 1
-1 -1 1
# Battle field states
 9 9 8 8 2 8 2 8 8 9 9 8 1 1 8
 9 8 8 8 2 2 2 8 8 8 8 8 1 1 1
 8 8 8 8 2 2 2 8 8 8 8 8 1 1 1
 9 8 8 8 2 2 2 8 8 8 8 8 8 1 1
 9 9 8 8 8 8 8 8 8 9 9 8 8 8 1
 9 9 9 3 3 8 8 8 9 9 9 9 8 8 0
 9 9 9 9 3 8 8 9 9 9 9 9 9 8 0
 9 9 9 9 9 8 9 9 9 9 9 9 8 8 0
 9 9 9 9 9 9 9 9 9 9 9 8 8 8 0
 9 9 9 9 9 9 9 9 9 9 8 8 8 8 8
 9 9 9 9 9 9 9 9 9 8 0 0 0 0 0
 9 9 9 9 9 9 9 9 9 9 8 8 8 8 0
 9 9 9 9 9 9 9 9 9 9 9 5 5 8 0
 9 9 9 9 9 9 9 9 9 9 9 9 5 8 0
 9 9 9 9 9 9 9 9 9 9 9 9 9 8 8
# Turn information for samurai of side 1 with weapon 2
# <turn>
22
# <cure period>
0
# Samurai states: <position x> <position y> <hiding>
14 11 0
13 2 1
5 3 0
-1 -1 1
-1 -1 1
11 13 0
# Battle field states
 9 9 9 8 2 8 2 8 9 9 8 8 1 1 8
 9 9 8 8 2 2 2 8 8 8 8 8 1 1 1
 9 8 8 8 2 2 2 8 8 8 8 1 1 1 1
 8 8 8 8 2 2 2 8 8 8 8 8 1 1 1
 9 8 8 8 2 2 2 8 8 8 8 8 8 1 1
 9 9 3 3 3 8 8 8 8 9 9 8 8 8 0
 9 9 9 3 3 8 8 8 9 9 9 9 8 8 0
 9 9 9 9 3 8 8 9 9 9 9 9 9 8 0
 9 9 9 9 9 8 9 9 9 9 9 9 8 8 0
 9 9 9 9 9 9 9 9 9 9 9 8 8 8 8
 9 9 9 9 9 9 9 9 9 9 0 0 0 0 0
 9 9 9 9 9 9 9 9 9 8 0 0 0 0 0
 9 9 9 9 9 9 9 9 9 9 5 5 5 8 0
 9 9 9 9 9 9 9 9 9 9 9 5 5 8 0
 9 9 9 9 9 9 9 9 9 9 9 9 5 8 8
# Turn information for samurai of side 1 with weapon 2
# <turn>
29
# <cure period>
0
# Samurai states: <position x> <position y> <hiding>
14 9 0
13 3 0
5 4 1
-1 -1 1
-1 -1 1
13 13 0
# Battle field states
 9 9 9 9 2 8 2 9 9 9 9 8 1 1 8
 9 9 9 8 2 2 2 8 9 9 8 8 1 1 1
 9 9 8 8 2 2 2 8 8 8 8 1 1 1 1
 9 8 8 8 2 2 2 8 8 8 8 1 1 1 1
 8 8 8 8 2 2 2 8 8 8 8 8 1 1 1
 9 3 3 3 2 2 2 8 8 8 8 8 8 1 0
 9 9 3 3 3 8 8 8 8 9 9 8 8 8 0
 9 9 9 3 3 8 8 8 9 9 9 8 8 8 0
 9 9 9 9 3 8 8 9 9 9 8 8 8 8 0
 9 9 9 9 9 8 9 9 9 8 8 8 8 8 8
 9 9 9 9 9 9 9 9 9 9 0 0 0 0 0
 9 9 9 9 9 9 9 9 9 9 9 0 0 0 0
 9 9 9 9 9 9 9 9 9 9 9 9 5 5 5
 9 9 9 9 9 9 9 9 9 9 9 9 9 5 5
 9 9 9 9 9 9 9 9 9 9 9 9 9 9 5
# Turn information for samurai of side 1 with weapon 2
# <turn>
34
# <cure period>
0
# Samurai states: <position x> <position y> <hiding>
14 9 0
13 4 1
5 5 0
-1 -1 1
-1 -1 1
13 13 0
# Battle field states
 9 9 9 9 9 8 9 9 9 9 9 9 1 1 8
 9 9 9 9 2 2 2 9 9 9 9 8 1 1 1
 9 9 9 8 2 2 2 8 9 9 8 1 1 1 1
 9 9 8 8 2 2 2 8 8 8 8 1 1 1 1
 9 8 8 8 2 2 2 8 8 8 8 1 1 1 1
 8 3 3 3 2 2 2 8 8 8 8 8 1 1 0
 9 3 3 3 2 2 2 8 8 8 8 8 8 1 0
 9 9 3 3 3 8 8 8 8 9 9 8 8 8 0
 9 9 9 3 3 8 8 8 9 9 8 8 8 8 0
 9 9 9 9 3 8 8 9 9 8 8 8 8 8 8
 9 9 9 9 9 8 9 9 9 9 0 0 0 0 0
 9 9 9 9 9 9 9 9 9 9 9 0 0 0 0
 9 9 9 9 9 9 9 9 9 9 9 9 5 5 5
 9 9 9 9 9 9 9 9 9 9 9 9 9 5 5
 9 9 9 9 9 9 9 9 9 9 9 9 9 9 5
# Turn information for samurai of side 1 with weapon 2
# <turn>
41
# <cure period>
0
# Samurai states: <position x> <position y> <hiding>
14 9 0
13 5 0
5 6 1
-1 -1 1
-1 -1 1
13 11 0
# Battle field states
 9 9 9 9 9 9 9 9 9 9 9 9 9 1 9
 9 9 9 9 9 2 9 9 9 9 9 9 1 1 1
 9 9 9 9 2 2 2 9 9 9 9 1 1 1 1
 9 9 9 8 2 2 2 8 9 9 8 1 1 1 1
 9 9 8 8 2 2 2 8 8 8 8 1 1 1 1
 9 3 3 3 2 2 2 8 8 8 8 1 1 1 0
 3 3 3 3 2 2 2 8 8 8 8 8 1 1 0
 9 3 3 3 2 2 2 8 8 8 8 8 8 1 0
 9 9 3 3 3 8 8 8 8 9 8 8 8 8 0
 9 9 9 3 3 8 8 8 9 8 8 8 8 8 8
 9 9 9 9 3 8 8 9 9 9 0 0 5 5 5
 9 9 9 9 9 4 9 9 9 9 9 0 5 5 5
 9 9 9 9 9 9 9 9 9 9 9 9 5 5 5
 9 9 9 9 9 9 9 9 9 9 9 9 9 5 5
 9 9 9 9 9 9 9 9 9 9 9 9 9 9 5
# Turn information for samurai of side 1 with weapon 2
# <turn>
46
# <cure period>
0
# Samurai states: <position x> <position y> <hiding>
14 9 0
13 6 1
5 7 0
-1 -1 1
-1 -1 1
13 11 0
# Battle field states
 9 9 9 9 9 9 9 9 9 9 9 9 9 9 9
 9 9 9 9 9 9 9 9 9 9 9 9 9 1 9
 9 9 9 9 9 2 9 9 9 9 9 9 1 1 1
 9 9 9 9 2 2 2 9 9 9 9 1 1 1 1
 9 9 9 8 2 2 2 8 9 9 8 1 1 1 1
 9 9 3 3 2 2 2 8 8 8 8 1 1 1 0
 9 3 3 3 2 2 2 8 8 8 8 1 1 1 0
 3 3 3 3 2 2 2 8 8 8 8 8 1 1 0
 9 3 3 3 2 2 2 8 8 8 8 8 8 1 0
 9 9 3 3 3 8 8 8 8 8 8 8 8 8 8
 9 9 9 3 3 4 8 8 9 9 0 0 5 5 5
 9 9 9 9 3 4 4 9 9 9 9 0 5 5 5
 9 9 9 9 9 4 9 9 9 9 9 9 5 5 5
 9 9 9 9 9 9 9 9 9 9 9 9 9 5 5
 9 9 9 9 9 9 9 9 9 9 9 9 9 9 5
# Turn information for samurai of side 1 with weapon 2
# <turn>
53
# <cure period>
0
# Samurai states: <position x> <position y> <hiding>
14 9 0
13 7 0
5 8 1
-1 -1 1
5 11 0
12 10 0
# Battle field states
 9 9 9 9 9 9 9 9 9 9 9 9 9 9 9
 9 9 9 9 9 9 9 9 9 9 9 9 9 9 9
 9 9 9 9 9 9 9 9 9 9 9 9 9 1 9
 9 9 9 9 9 2 9 9 9 9 9 9 1 1 1
 9 9 9 9 2 2 2 9 9 9 9 1 1 1 1
 9 9 9 3 2 2 2 8 9 9 8 1 1 1 0
 9 9 3 3 2 2 2 8 8 8 8 1 1 1 0
 9 3 3 3 2 2 2 8 8 8 8 1 1 1 0
 3 3 3 3 2 2 2 8 8 8 8 8 1 1 0
 9 3 3 3 2 4 2 8 8 8 8 5 5 5 5
 9 9 3 3 3 4 4 8 8 9 0 5 5 5 5
 9 9 9 3 3 4 4 4 9 9 9 5 5 5 5
 9 9 9 9 4 4 4 9 9 9 9 9 5 5 5
 9 9 9 9 9 4 9 9 9 9 9 9 9 5 5
 9 9 9 9 9 9 9 9 9 9 9 9 9 9 5
# Turn information for samurai of side 1 with weapon 2
# <turn>
58
# <cure period>
0
# Samurai states: <position x> <position y> <hiding>
14 9 0
13 8 1
6 8 0
-1 -1 1
-1 -1 1
12 10 0
# Battle field states
 9 9 9 9 9 9 9 9 9 9 9 9 9 9 9
 9 9 9 9 9 9 9 9 9 9 9 9 9 9 9
 9 9 9 9 9 9 9 9 9 9 9 9 9 9 9
 9 9 9 9 9 9 2 9 9 9 9 9 9 1 9
 9 9 9 9 9 2 2 8 9 9 9 9 1 1 1
 9 9 9 9 2 2 2 8 8 9 9 1 1 1 0
 9 9 9 3 2 2 2 8 8 8 8 1 1 1 0
 9 9 3 3 2 2 2 2 8 8 8 1 1 1 0
 9 3 3 3 2 4 2 2 8 8 8 1 1 1 0
 9 9 3 3 2 4 4 2 8 8 8 5 1 1 5
 9 9 9 3 3 4 4 4 8 8 0 5 5 1 5
 9 9 9 9 3 4 4 4 8 9 9 5 5 5 5
 9 9 9 9 9 4 4 4 9 9 9 9 5 5 5
 9 9 9 9 9 9 4 9 9 9 9 9 9 5 5
 9 9 9 9 9 9 9 9 9 9 9 9 9 9 5
# Turn information for samurai of side 1 with weapon 2
# <turn>
65
# <cure period>
0
# Samurai states: <position x> <position y> <hiding>
14 9 0
14 0 0
6 9 0
-1 -1 1
-1 -1 1
-1 -1 1
# Battle field states
 9 9 9 9 9 9 9 9 9 8 8 8 1 1 8
 9 9 9 9 9 9 9 9 9 9 8 8 1 1 1
 9 9 9 9 9 9 9 9 9 9 9 1 1 1 1
 9 9 9 9 9 9 9 9 9 9 9 9 1 1 1
 9 9 9 9 9 9 2 9 9 9 9 9 9 1 1
 9 9 9 9 9 2 2 8 9 9 9 9 9 1 0
 9 9 9 9 2 2 2 8 8 9 9 9 1 1 0
 9 9 9 3 2 2 2 2 8 8 9 5 5 5 0
 9 9 3 3 2 2 2 2 8 8 8 5 5 5 0
 9 3 3 3 2 2 4 2 8 8 8 5 5 5 5
 9 9 3 3 3 2 2 2 8 8 0 5 5 5 5
 9 9 9 3 3 4 4 4 8 8 9 5 5 5 5
 9 9 9 9 3 4 4 4 5 9 9 9 5 5 5
 9 9 9 9 9 4 4 4 9 9 9 9 9 5 5
 9 9 9 9 9 9 4 9 9 9 9 9 9 9 5
# Turn information for samurai of side 1 with weapon 2
# <turn>
70
# <cure period>
0
# Samurai states: <position x> <position y> <hiding>
14 9 0
14 0 0
6 10 1
-1 -1 1
-1 -1 1
-1 -1 1
# Battle field states
 9 9 9 9 9 9 9 9 9 8 8 8 1 1 8
 9 9 9 9 9 9 9 9 9 9 8 8 1 1 1
 9 9 9 9 9 9 9 9 9 9 9 1 1 1 1
 9 9 9 9 9 9 9 9 9 9 9 9 1 1 1
 9 9 9 9 9 9 9 9 9 9 9 9 9 1 1
 9 9 9 9 9 9 2 9 9 9 9 9 9 1 0
 9 9 9 9 9 2 2 8 9 9 9 9 1 1 0
 9 9 9 9 2 2 2 2 8 9 9 5 5 5 0
 9 9 9 3 2 2 2 2 8 8 8 5 5 5 0
 9 9 3 3 2 2 2 2 8 8 8 5 5 5 5
 9 3 3 3 3 2 2 2 8 8 0 5 5 5 5
 9 9 3 3 3 2 2 2 8 8 0 5 5 5 5
 9 9 9 3 3 4 4 4 5 5 9 9 5 5 5
 9 9 9 9 3 4 4 4 5 9 9 9 9 5 5
 9 9 9 9 9 4 4 4 9 9 9 9 9 9 5
# Turn information for samurai of side 1 with weapon 2
# <turn>
77
# <cure period>
0
# Samurai states: <position x> <position y> <hiding>
14 9 0
14 0 0
6 11 0
-1 -1 1
-1 -1 1
-1 -1 1
# Battle field states
 9 9 9 9 9 9 9 9 9 8 8 8 1 1 8
 9 9 9 9 9 9 9 9 9 9 8 8 1 1 1
 9 9 9 9 9 9 9 9 9 9 9 1 1 1 1
 9 9 9 9 9 9 9 9 9 9 9 9 1 1 1
 9 9 9 9 9 9 9 9 9 9 9 9 9 1 1
 9 9 9 9 9 9 9 9 9 9 9 9 9 1 0
 9 9 9 9 9 9 2 9 9 9 9 9 5 5 5
 9 9 9 9 9 2 2 2 9 9 9 5 5 5 5
 9 9 9 9 2 2 2 2 8 9 8 5 5 5 5
 9 9 9 3 2 2 2 2 8 8 8 5 5 5 5
 9 9 3 3 3 2 2 2 8 8 0 5 5 5 5
 9 3 3 3 3 2 2 2 8 8 0 5 5 5 5
 9 9 3 3 3 3 2 2 5 5 0 9 5 5 5
 9 9 9 3 3 4 4 4 5 5 9 9 9 5 5
 9 9 9 9 4 4 4 4 5 9 9 9 9 9 5
# Turn information for samurai of side 1 with weapon 2
# <turn>
82
# <cure period>
27
# Samurai states: <position x> <position y> <hiding>
14 9 0
14 0 0
5 0 0
-1 -1 1
-1 -1 1
-1 -1 1
# Battle field states
 8 8 8 8 2 8 2 8 8 8 8 8 1 1 8
 9 8 8 8 2 2 2 8 8 8 8 8 1 1 1
 9 9 8 8 2 2 2 8 8 9 9 1 1 1 1
 9 9 9 8 2 2 2 8 9 9 9 9 1 1 1
 9 9 9 9 2 2 2 9 9 9 9 9 9 1 1
 9 9 9 9 9 2 9 9 9 9 9 9 9 1 0
 9 9 9 9 9 9 9 9 9 9 9 9 5 5 5
 9 9 9 9 9 9 9 9 9 9 9 5 5 5 5
 9 9 9 9 9 9 9 9 9 9 8 5 5 5 5
 9 9 9 9 9 9 9 9 9 8 8 5 5 5 5
 9 9 9 9 9 9 9 9 9 9 0 5 5 5 5
 9 9 9 9 9 9 9 9 9 9 9 5 5 5 5
 9 9 9 9 9 9 9 9 9 9 9 9 5 5 5
 9 9 9 9 9 9 9 9 9 9 9 9 9 5 5
 9 9 9 9 9 9 9 9 9 9 9 9 9 9 5
# Turn information for samurai of side 1 with weapon 2
# <turn>
89
# <cure period>
20
# Samurai states: <position x> <position y> <hiding>
14 9 0
14 0 0
5 0 0
-1 -1 1
-1 -1 1
-1 -1 1
# Battle field states
 8 8 8 8 2 8 2 8 8 8 8 8 1 1 8
 9 8 8 8 2 2 2 8 8 8 8 8 1 1 1
 9 9 8 8 2 2 2 8 8 9 9 1 1 1 1
 9 9 9 8 2 2 2 8 9 9 9 9 1 1 1
 9 9 9 9 2 2 2 9 9 9 9 9 9 5 5
 9 9 9 9 9 2 9 9 9 9 9 9 9 5 5
 9 9 9 9 9 9 9 9 9 9 9 9 5 5 5
 9 9 9 9 9 9 9 9 9 9 9 5 5 5 5
 9 9 9 9 9 9 9 9 9 9 8 5 5 5 5
 9 9 9 9 9 9 9 9 9 8 8 5 5 5 5
 9 9 9 9 9 9 9 9 9 9 0 5 5 5 5
 9 9 9 9 9 9 9 9 9 9 9 5 5 5 5
 9 9 9 9 9 9 9 9 9 9 9 9 5 5 5
 9 9 9 9 9 9 9 9 9 9 9 9 9 5 5
 9 9 9 9 9 9 9 9 9 9 9 9 9 9 5
# Turn information for samurai of side 1 with weapon 2
# <turn>
94
# <cure period>
15
# Samurai states: <position x> <position y> <hiding>
14 9 0
13 0 1
5 0 0
-1 -1 1
-1 -1 1
-1 -1 1
# Battle field states
 8 8 8 8 2 8 2 8 8 8 8 1 1 1 8
 9 8 8 8 2 2 2 8 8 8 8 8 1 1 1
 9 9 8 8 2 2 2 8 8 9 8 1 1 1 1
 9 9 9 8 2 2 2 8 9 9 9 1 1 1 1
 9 9 9 9 2 2 2 9 9 9 9 9 5 5 5
 9 9 9 9 9 2 9 9 9 9 9 9 9 5 5
 9 9 9 9 9 9 9 9 9 9 9 9 5 5 5
 9 9 9 9 9 9 9 9 9 9 9 5 5 5 5
 9 9 9 9 9 9 9 9 9 9 8 5 5 5 5
 9 9 9 9 9 9 9 9 9 8 8 5 5 5 5
 9 9 9 9 9 9 9 9 9 9 0 5 5 5 5
 9 9 9 9 9 9 9 9 9 9 9 5 5 5 5
 9 9 9 9 9 9 9 9 9 9 9 9 5 5 5
 9 9 9 9 9 9 9 9 9 9 9 9 9 5 5
 9 9 9 9 9 9 9 9 9 9 9 9 9 9 5
# Turn information for samurai of side 1 with weapon 2
# <turn>
101
# <cure period>
8
# Samurai states: <position x> <position y> <hiding>
14 9 0
13 1 0
5 0 0
-1 -1 1
-1 -1 1
-1 -1 1
# Battle field states
 8 8 8 8 2 8 2 8 8 8 8 1 1 1 8
 9 8 8 8 2 2 2 8 8 8 8 1 1 1 1
 9 9 8 8 2 2 2 8 8 8 8 1 1 1 1
 9 9 9 8 2 2 2 8 9 9 8 5 5 5 5
 9 9 9 9 2 2 2 9 9 9 9 5 5 5 5
 9 9 9 9 9 2 9 9 9 9 9 9 5 5 5
 9 9 9 9 9 9 9 9 9 9 9 9 5 5 5
 9 9 9 9 9 9 9 9 9 9 9 5 5 5 5
 9 9 9 9 9 9 9 9 9 9 8 5 5 5 5
 9 9 9 9 9 9 9 9 9 8 8 5 5 5 5
 9 9 9 9 9 9 9 9 9 9 0 5 5 5 5
 9 9 9 9 9 9 9 9 9 9 9 5 5 5 5
 9 9 9 9 9 9 9 9 9 9 9 9 5 5 5
 9 9 9 9 9 9 9 9 9 9 9 9 9 5 5
 9 9 9 9 9 9 9 9 9 9 9 9 9 9 5
# Turn information for samurai of side 1 with weapon 2
# <turn>
106
# <cure period>
3
# Samurai states: <position x> <position y> <hiding>
14 9 0
13 2 1
5 0 0
-1 -1 1
-1 -1 1
-1 -1 1
# Battle field states
 8 8 8 8 2 8 2 8 8 8 8 1 1 1 8
 9 8 8 8 2 2 2 8 8 8 8 1 1 1 1
 9 9 8 8 2 2 2 8 8 8 8 1 1 1 1
 9 9 9 8 2 2 2 8 9 8 8 5 5 1 1
 9 9 9 9 2 2 2 9 9 9 8 5 5 1 5
 9 9 9 9 9 2 9 9 9 9 9 5 5 5 5
 9 9 9 9 9 9 9 9 9 9 9 9 5 5 5
 9 9 9 9 9 9 9 9 9 9 9 5 5 5 5
 9 9 9 9 9 9 9 9 9 9 8 5 5 5 5
 9 9 9 9 9 9 9 9 9 8 8 5 5 5 5
 9 9 9 9 9 9 9 9 9 9 0 5 5 5 0
 9 9 9 9 9 9 9 9 9 9 9 5 5 5 0
 9 9 9 9 9 9 9 9 9 9 9 9 5 5 0
 9 9 9 9 9 9 9 9 9 9 9 9 9 5 0
 9 9 9 9 9 9 9 9 9 9 9 9 9 9 5
# Turn information for samurai of side 1 with weapon 2
# <turn>
113
# <cure period>
0
# Samurai states: <position x> <position y> <hiding>
14 10 1
14 0 0
5 0 0
-1 -1 1
-1 -1 1
-1 -1 1
# Battle field states
 8 8 8 8 2 8 2 8 8 8 8 1 1 1 8
 9 8 8 8 2 2 2 8 8 8 8 1 1 1 1
 9 9 8 8 2 2 2 8 8 9 9 5 5 5 5
 9 9 9 8 2 2 2 8 9 9 9 9 5 5 5
 9 9 9 9 2 2 2 9 9 9 9 9 9 5 5
 9 9 9 9 9 2 9 9 9 9 9 9 9 9 0
 9 9 9 9 9 9 9 9 9 9 9 9 9 5 0
 9 9 9 9 9 9 9 9 9 9 9 9 5 5 0
 9 9 9 9 9 9 9 9 9 9 9 5 5 5 0
 9 9 9 9 9 9 9 9 9 9 8 5 5 5 5
 9 9 9 9 9 9 9 9 9 8 0 5 5 5 0
 9 9 9 9 9 9 9 9 9 9 0 5 5 5 0
 9 9 9 9 9 9 9 9 9 9 9 0 5 5 0
 9 9 9 9 9 9 9 9 9 9 9 9 5 5 0
 9 9 9 9 9 9 9 9 9 9 9 9 9 5 5
# Turn information for samurai of side 1 with weapon 2
# <turn>
118
# <cure period>
0
# Samurai states: <position x> <position y> <hiding>
14 9 0
14 0 0
4 0 1
-1 -1 1
-1 -1 1
-1 -1 1
# Battle field states
 8 8 8 2 2 2 2 8 8 8 8 1 1 1 8
 8 8 8 2 2 2 2 8 8 9 8 1 1 1 1
 9 8 8 8 2 2 2 8 9 9 9 5 5 5 5
 9 9 8 8 2 2 2 9 9 9 9 9 5 5 5
 9 9 9 8 2 2 9 9 9 9 9 9 9 5 5
 9 9 9 9 2 9 9 9 9 9 9 9 9 5 0
 9 9 9 9 9 9 9 9 9 9 9 9 5 5 0
 9 9 9 9 9 9 9 9 9 9 9 5 5 5 0
 9 9 9 9 9 9 9 9 9 9 8 5 5 5 0
 9 9 9 9 9 9 9 9 9 8 0 0 0 0 5
 9 9 9 9 9 9 9 9 9 9 0 5 5 5 0
 9 9 9 9 9 9 9 9 9 9 9 5 5 5 0
 9 9 9 9 9 9 9 9 9 9 9 9 5 5 0
 9 9 9 9 9 9 9 9 9 9 9 9 9 5 0
 9 9 9 9 9 9 9 9 9 9 9 9 9 9 5
# Turn information for samurai of side 1 with weapon 2
# <turn>
125
# <cure period>
0
# Samurai states: <position x> <position y> <hiding>
14 8 1
14 0 0
3 0 0
-1 -1 1
-1 -1 1
-1 -1 1
# Battle field states
 8 8 2 2 2 2 2 8 8 8 8 1 5 5 5
 8 8 3 2 2 2 2 8 9 9 8 1 5 5 5
 8 8 3 8 2 2 2 9 9 9 9 5 5 5 5
 9 8 3 8 2 2 9 9 9 9 9 9 5 5 5
 9 9 3 8 2 9 9 9 9 9 9 9 9 5 5
 9 9 9 3 9 9 9 9 9 9 9 9 5 5 0
 9 9 9 9 9 9 9 9 9 9 9 1 5 5 0
 9 9 9 9 9 9 9 9 9 9 8 5 5 5 0
 9 9 9 9 9 9 9 9 9 8 0 0 0 0 0
 9 9 9 9 9 9 9 9 9 9 0 0 0 0 5
 9 9 9 9 9 9 9 9 9 9 9 5 5 5 0
 9 9 9 9 9 9 9 9 9 9 9 9 5 5 0
 9 9 9 9 9 9 9 9 9 9 9 9 9 5 0
 9 9 9 9 9 9 9 9 9 9 9 9 9 9 0
 9 9 9 9 9 9 9 9 9 9 9 9 9 9 9
# Turn information for samurai of side 1 with weapon 2
# <turn>
130
# <cure period>
0
# Samurai states: <position x> <position y> <hiding>
14 7 0
14 0 0
3 1 1
-1 -1 1
-1 -1 1
-1 -1 1
# Battle field states
 8 8 2 2 2 2 2 8 9 8 8 1 5 5 5
 8 8 2 2 2 2 2 8 8 9 8 1 5 5 5
 8 8 2 2 2 2 2 8 9 9 9 5 5 5 5
 8 8 3 8 2 2 2 9 9 9 9 9 5 5 5
 9 8 3 8 2 2 9 9 9 9 9 9 5 5 5
 9 9 3 3 3 9 9 9 9 9 9 5 5 5 0
 9 9 9 3 9 9 9 9 9 9 8 1 5 5 0
 9 9 9 9 9 9 9 9 9 8 0 0 0 0 0
 9 9 9 9 9 9 9 9 9 9 0 0 0 0 0
 9 9 9 9 9 9 9 9 9 9 9 0 0 0 5
 9 9 9 9 9 9 9 9 9 9 9 9 5 5 0
 9 9 9 9 9 9 9 9 9 9 9 9 9 5 0
 9 9 9 9 9 9 9 9 9 9 9 9 9 9 0
 9 9 9 9 9 9 9 9 9 9 9 9 9 9 9
 9 9 9 9 9 9 9 9 9 9 9 9 9 9 9
# Turn information for samurai of side 1 with weapon 2
# <turn>
137
# <cure period>
0
# Samurai states: <position x> <position y> <hiding>
13 7 1
14 0 0
2 1 0
-1 -1 1
-1 -1 1
-1 -1 1
# Battle field states
 8 2 2 2 2 2 2 9 9 8 5 5 5 5 5
 8 2 2 3 2 2 2 8 9 9 5 5 5 5 5
 8 2 2 3 2 2 2 9 9 9 9 5 5 5 5
 8 8 3 3 2 2 9 9 9 9 9 9 5 0 5
 8 8 3 3 2 9 9 9 9 9 9 5 5 0 5
 9 3 3 3 9 9 9 9 9 9 8 5 5 0 0
 9 9 3 9 9 9 9 9 9 8 8 1 5 0 0
 9 9 9 9 9 9 9 9 8 8 0 0 0 0 0
 9 9 9 9 9 9 9 9 9 8 0 0 0 0 0
 9 9 9 9 9 9 9 9 9 9 0 0 0 0 5
 9 9 9 9 9 9 9 9 9 9 9 5 5 5 0
 9 9 9 9 9 9 9 9 9 9 9 9 5 5 0
 9 9 9 9 9 9 9 9 9 9 9 9 9 5 9
 9 9 9 9 9 9 9 9 9 9 9 9 9 9 9
 9 9 9 9 9 9 9 9 9 9 9 9 9 9 9
# Turn information for samurai of side 1 with weapon 2
# <turn>
142
# <cure period>
0
# Samurai states: <position x> <position y> <hiding>
12 7 0
14 0 0
2 2 1
4 5 0
-1 -1 1
-1 -1 1
# Battle field states
 8 2 2 2 2 2 9 9 9 8 5 5 5 5 5
 8 2 2 2 3 2 2 9 9 9 5 5 5 5 5
 8 2 2 2 3 2 2 8 9 9 9 5 5 5 5
 8 2 2 2 3 2 2 9 9 9 9 5 0 0 5
 8 8 3 3 3 2 9 9 9 9 8 5 0 0 5
 8 3 3 3 3 9 9 9 9 8 8 5 0 0 0
 9 3 3 3 9 9 9 9 8 8 8 1 0 0 0
 9 9 3 9 9 9 9 2 8 8 0 0 0 0 0
 9 9 9 9 9 9 9 9 8 8 0 0 0 0 0
 9 9 9 9 9 9 9 9 9 8 0 0 0 0 5
 9 9 9 9 9 9 9 9 9 9 0 5 5 5 0
 9 9 9 9 9 9 9 9 9 9 9 5 5 5 9
 9 9 9 9 9 9 9 9 9 9 9 9 5 9 9
 9 9 9 9 9 9 9 9 9 9 9 9 9 9 9
 9 9 9 9 9 9 9 9 9 9 9 9 9 9 9
# Turn information for samurai of side 1 with weapon 2
# <turn>
149
# <cure period>
0
# Samurai states: <position x> <position y> <hiding>
12 6 1
14 0 0
2 3 0
-1 -1 1
-1 -1 1
-1 -1 1
# Battle field states
 8 2 2 2 2 9 9 9 9 5 5 5 5 5 5
 8 2 2 2 3 3 9 9 9 9 5 5 5 5 5
 8 2 2 2 3 3 2 9 9 9 9 5 5 5 5
 8 2 2 2 3 3 2 8 9 9 8 5 0 0 5
 8 2 2 2 3 3 2 9 9 8 8 5 0 0 5
 8 3 3 3 3 3 9 9 8 8 8 5 0 0 0
 3 3 3 3 3 9 9 8 0 0 0 0 0 0 0
 9 3 3 3 9 9 9 9 8 8 0 0 0 0 0
 9 9 3 9 9 9 9 9 9 8 0 0 0 0 0
 9 9 9 9 9 9 9 9 9 9 0 0 0 0 5
 9 9 9 9 9 9 9 9 9 9 9 5 5 5 9
 9 9 9 9 9 9 9 9 9 9 9 9 5 9 9
 9 9 9 9 9 9 9 9 9 9 9 9 9 9 9
 9 9 9 9 9 9 9 9 9 9 9 9 9 9 9
 9 9 9 9 9 9 9 9 9 9 9 9 9 9 9
# Turn information for samurai of side 1 with weapon 2
# <turn>
154
# <cure period>
0
# Samurai states: <position x> <position y> <hiding>
12 5 0
14 0 0
2 4 1
6 5 0
-1 -1 1
-1 -1 1
# Battle field states
 9 2 2 2 9 9 9 9 9 5 5 5 5 5 5
 8 2 2 2 3 9 9 9 9 9 5 5 5 5 5
 8 2 2 2 3 3 9 9 9 9 5 5 5 5 5
 8 2 2 2 3 3 3 9 9 8 8 5 0 0 5
 8 2 2 2 3 3 3 8 8 8 8 5 0 0 5
 8 2 2 2 3 3 3 3 0 0 0 0 0 0 0
 3 3 3 3 3 3 9 9 0 0 0 0 0 0 0
 3 3 3 3 3 9 9 9 9 8 0 0 0 0 0
 9 3 3 3 9 9 9 9 9 9 0 0 0 0 0
 9 9 3 9 9 9 9 9 9 9 9 0 0 0 9
 9 9 9 9 9 9 9 9 9 9 9 9 5 9 9
 9 9 9 9 9 9 9 9 9 9 9 9 9 9 9
 9 9 9 9 9 9 9 9 9 9 9 9 9 9 9
 9 9 9 9 9 9 9 9 9 9 9 9 9 9 9
 9 9 9 9 9 9 9 9 9 9 9 9 9 9 9
# Turn information for samurai of side 1 with weapon 2
# <turn>
161
# <cure period>
0
# Samurai states: <position x> <position y> <hiding>
12 4 1
14 0 0
2 5 0
-1 -1 1
-1 -1 1
-1 -1 1
# Battle field states
 9 9 2 9 9 9 9 9 9 5 5 5 1 1 5
 9 2 2 2 9 9 9 9 9 9 5 5 5 1 1
 8 2 2 2 3 9 9 9 9 5 5 5 5 5 1
 8 2 2 2 3 3 9 9 5 5 5 5 0 0 5
 8 2 2 2 3 3 3 8 5 5 5 0 0 0 5
 8 2 2 2 3 3 3 3 0 0 0 0 0 0 0
 3 2 2 2 3 3 3 9 9 3 3 0 0 0 0
 3 3 3 3 3 3 9 9 9 9 0 0 0 0 0
 3 3 3 3 3 9 9 9 9 9 9 0 0 0 9
 9 3 3 3 9 9 9 9 9 9 9 9 0 9 9
 9 9 3 9 9 9 9 9 9 9 9 9 9 9 9
 9 9 9 9 9 9 9 9 9 9 9 9 9 9 9
 9 9 9 9 9 9 9 9 9 9 9 9 9 9 9
 9 9 9 9 9 9 9 9 9 9 9 9 9 9 9
 9 9 9 9 9 9 9 9 9 9 9 9 9 9 9
# Turn information for samurai of side 1 with weapon 2
# <turn>
166
# <cure period>
0
# Samurai states: <position x> <position y> <hiding>
12 3 0
14 1 1
2 6 1
6 7 0
-1 -1 1
-1 -1 1
# Battle field states
 9 9 9 9 9 9 9 9 9 9 5 5 1 1 5
 9 9 2 9 9 9 9 9 9 5 5 5 1 1 1
 9 2 2 2 9 9 9 9 5 5 5 5 5 1 1
 8 2 2 2 3 9 9 8 0 0 0 0 0 0 1
 8 2 2 2 3 3 9 9 5 5 5 0 0 0 5
 8 2 2 2 3 3 3 9 9 0 0 0 0 0 0
 3 2 2 2 3 3 3 3 9 9 3 0 0 0 0
 3 2 2 2 3 3 3 9 9 9 9 0 0 0 9
 3 3 3 3 3 3 9 9 9 9 9 9 0 9 9
 3 3 3 3 3 9 9 9 9 9 9 9 9 9 9
 9 3 3 4 9 9 9 9 9 9 9 9 9 9 9
 9 9 4 9 9 9 9 9 9 9 9 9 9 9 9
 9 9 9 9 9 9 9 9 9 9 9 9 9 9 9
 9 9 9 9 9 9 9 9 9 9 9 9 9 9 9
 9 9 9 9 9 9 9 9 9 9 9 9 9 9 9
# Turn information for samurai of side 1 with weapon 2
# <turn>
173
# <cure period>
0
# Samurai states: <position x> <position y> <hiding>
12 2 0
14 2 0
2 7 0
-1 -1 1
-1 -1 1
-1 -1 1
# Battle field states
 9 9 9 9 9 9 9 9 9 5 5 5 1 1 5
 9 9 9 9 9 9 9 9 5 5 5 5 1 1 1
 9 9 2 9 9 9 9 8 0 0 0 0 1 1 1
 9 2 2 2 9 9 9 9 0 0 0 0 0 1 1
 8 2 2 2 3 9 9 9 9 5 5 0 0 0 1
 8 2 2 2 3 3 9 9 9 9 0 0 0 0 0
 3 2 2 2 3 3 3 9 9 9 9 0 0 0 0
 3 2 2 2 3 3 3 3 9 9 9 9 0 9 0
 3 2 2 2 3 3 3 9 9 9 9 9 9 9 9
 3 3 3 3 3 3 9 9 9 9 9 9 9 9 9
 3 3 3 4 4 9 9 9 9 9 9 9 9 9 9
 9 4 4 4 9 9 9 9 9 9 9 9 9 9 9
 9 9 4 9 9 9 9 9 9 9 9 9 9 9 9
 9 9 9 9 9 9 9 9 9 9 9 9 9 9 9
 9 9 9 9 9 9 9 9 9 9 9 9 9 9 9
# Turn information for samurai of side 1 with weapon 2
# <turn>
178
# <cure period>
27
# Samurai states: <position x> <position y> <hiding>
12 1 1
14 3 1
5 0 0
-1 -1 1
-1 -1 1
-1 -1 1
# Battle field states
 8 2 2 2 2 2 2 8 5 5 5 5 1 1 5
 9 2 2 2 3 3 3 8 0 0 0 0 1 1 1
 9 9 2 2 3 3 3 8 0 0 0 0 1 1 1
 9 9 9 2 3 3 3 8 9 0 0 0 1 1 1
 9 9 9 9 3 3 3 9 9 9 5 0 0 1 1
 9 9 9 9 9 3 9 9 9 9 9 0 0 0 1
 9 9 9 9 9 9 9 9 9 9 9 9 0 0 0
 9 9 9 9 9 9 9 9 9 9 9 9 9 0 0
 9 9 9 9 9 9 9 9 9 9 9 9 9 9 0
 9 9 9 9 9 9 9 9 9 9 9 9 9 9 9
 9 9 9 9 9 9 9 9 9 9 9 9 9 9 9
 9 9 9 9 9 9 9 9 9 9 9 9 9 9 9
 9 9 9 9 9 9 9 9 9 9 9 9 9 9 9
 9 9 9 9 9 9 9 9 9 9 9 9 9 9 9
 9 9 9 9 9 9 9 9 9 9 9 9 9 9 9
# Turn information for samurai of side 1 with weapon 2
# <turn>
185
# <cure period>
20
# Samurai states: <position x> <position y> <hiding>
12 0 0
14 4 0
5 0 0
-1 -1 1
-1 -1 1
-1 -1 1
# Battle field states
 8 2 2 2 2 2 2 8 0 0 0 0 1 1 5
 9 2 2 2 3 3 3 8 0 0 0 0 1 1 1
 9 9 2 2 3 3 3 8 0 0 0 0 1 1 1
 9 9 9 2 3 3 3 8 9 9 0 0 1 1 1
 9 9 9 9 3 3 3 9 9 5 5 0 1 1 1
 9 9 9 9 9 3 9 9 9 9 0 0 0 1 1
 9 9 9 9 9 9 9 9 9 9 9 0 0 0 1
 9 9 9 9 9 9 9 9 9 9 9 9 0 0 0
 9 9 9 9 9 9 9 9 9 9 9 9 9 0 0
 9 9 9 9 9 9 9 9 9 9 9 9 9 9 5
 9 9 9 9 9 9 9 9 9 9 9 9 9 9 9
 9 9 9 9 9 9 9 9 9 9 9 9 9 9 9
 9 9 9 9 9 9 9 9 9 9 9 9 9 9 9
 9 9 9 9 9 9 9 9 9 9 9 9 9 9 9
 9 9 9 9 9 9 9 9 9 9 9 9 9 9 9
# Turn information for samurai of side 1 with weapon 2
# <turn>
190
# <cure period>
15
# Samurai states: <position x> <position y> <hiding>
12 1 1
13 4 1
5 0 0
-1 -1 1
-1 -1 1
-1 -1 1
# Battle field states
 8 2 2 2 2 2 2 8 0 0 0 0 1 1 5
 9 2 2 2 3 3 3 8 0 0 0 0 0 1 1
 9 9 2 2 3 3 3 8 0 0 0 0 0 1 1
 9 9 9 2 3 3 3 8 9 0 0 0 0 1 1
 9 9 9 9 3 3 3 9 5 5 5 1 1 1 1
 9 9 9 9 9 3 9 9 9 0 0 0 1 1 1
 9 9 9 9 9 9 9 9 9 9 3 4 0 1 1
 9 9 9 9 9 9 9 9 9 9 9 4 4 0 0
 9 9 9 9 9 9 9 9 9 9 9 9 4 4 0
 9 9 9 9 9 9 9 9 9 9 9 9 9 4 9
 9 9 9 9 9 9 9 9 9 9 9 9 9 9 9
 9 9 9 9 9 9 9 9 9 9 9 9 9 9 9
 9 9 9 9 9 9 9 9 9 9 9 9 9 9 9
 9 9 9 9 9 9 9 9 9 9 9 9 9 9 9
 9 9 9 9 9 9 9 9 9 9 9 9 9 9 9
# Turn information for samurai of side 1 with weapon 2
# <turn>
197
# <cure period>
8
# Samurai states: <position x> <position y> <hiding>
13 1 0
12 4 0
5 0 0
-1 -1 1
12 8 0
-1 -1 1
# Battle field states
 8 2 2 2 2 2 2 8 0 0 0 0 1 1 5
 9 2 2 2 3 3 3 8 0 0 0 0 0 1 1
 9 9 2 2 3 3 3 8 0 0 0 0 1 0 1
 9 9 9 2 3 3 3 8 0 0 0 1 1 0 1
 9 9 9 9 3 3 3 8 5 5 1 1 1 0 1
 9 9 9 9 9 3 9 9 0 0 0 0 1 0 1
 9 9 9 9 9 9 9 9 9 3 3 4 4 1 1
 9 9 9 9 9 9 9 9 9 9 4 4 4 4 0
 9 9 9 9 9 9 9 9 9 9 9 4 4 4 9
 9 9 9 9 9 9 9 9 9 9 9 9 4 9 9
 9 9 9 9 9 9 9 9 9 9 9 9 9 9 9
 9 9 9 9 9 9 9 9 9 9 9 9 9 9 9
 9 9 9 9 9 9 9 9 9 9 9 9 9 9 9
 9 9 9 9 9 9 9 9 9 9 9 9 9 9 9
 9 9 9 9 9 9 9 9 9 9 9 9 9 9 9
# Turn information for samurai of side 1 with weapon 2
# <turn>
202
# <cure period>
3
# Samurai states: <position x> <position y> <hiding>
14 1 1
13 4 1
5 0 0
-1 -1 1
-1 -1 1
-1 -1 1
# Battle field states
 8 2 2 2 2 2 2 8 0 0 0 0 1 1 5
 9 2 2 2 3 3 3 8 0 0 0 0 0 1 1
 9 9 2 2 3 3 3 8 0 9 0 0 1 0 0
 9 9 9 2 3 3 3 8 9 0 0 1 1 0 0
 9 9 9 9 3 3 3 9 5 5 1 1 1 1 1
 9 9 9 9 9 3 9 9 9 0 0 0 1 1 0
 9 9 9 9 9 9 9 9 9 9 3 4 1 4 1
 9 9 9 9 9 9 9 9 9 9 9 4 4 4 4
 9 9 9 9 9 9 9 9 9 9 9 9 4 4 4
 9 9 9 9 9 9 9 9 9 9 9 9 9 4 9
 9 9 9 9 9 9 9 9 9 9 9 9 9 9 9
 9 9 9 9 9 9 9 9 9 9 9 9 9 9 9
 9 9 9 9 9 9 9 9 9 9 9 9 9 9 9
 9 9 9 9 9 9 9 9 9 9 9 9 9 9 9
 9 9 9 9 9 9 9 9 9 9 9 9 9 9 9
# Turn information for samurai of side 1 with weapon 2
# <turn>
209
# <cure period>
0
# Samurai states: <position x> <position y> <hiding>
14 2 0
14 0 0
5 0 0
-1 -1 1
-1 -1 1
-1 -1 1
# Battle field states
 8 2 2 2 2 2 2 8 0 0 0 0 1 1 5
 9 2 2 2 3 3 3 8 0 0 0 0 0 1 1
 9 9 2 2 3 3 3 8 0 0 0 0 1 0 0
 9 9 9 2 3 3 3 8 9 9 0 1 1 0 0
 9 9 9 9 3 3 3 9 9 9 9 1 4 1 0
 9 9 9 9 9 3 9 9 9 9 9 9 4 4 1
 9 9 9 9 9 9 9 9 9 9 9 9 9 4 4
 9 9 9 9 9 9 9 9 9 9 9 9 9 9 4
 9 9 9 9 9 9 9 9 9 9 9 9 9 9 9
 9 9 9 9 9 9 9 9 9 9 9 9 9 9 9
 9 9 9 9 9 9 9 9 9 9 9 9 9 9 9
 9 9 9 9 9 9 9 9 9 9 9 9 9 9 9
 9 9 9 9 9 9 9 9 9 9 9 9 9 9 9
 9 9 9 9 9 9 9 9 9 9 9 9 9 9 9
 9 9 9 9 9 9 9 9 9 9 9 9 9 9 9
# Turn information for samurai of side 1 with weapon 2
# <turn>
214
# <cure period>
0
# Samurai states: <position x> <position y> <hiding>
14 3 1
14 0 0
5 1 0
-1 -1 1
-1 -1 1
-1 -1 1
# Battle field states
 9 2 2 2 2 2 2 8 0 0 0 0 1 1 5
 8 2 2 2 2 3 2 8 0 0 0 0 0 1 1
 9 2 2 2 2 2 2 8 0 0 0 0 1 0 0
 9 9 2 2 3 3 3 8 0 0 0 1 4 0 0
 9 9 9 2 3 3 3 8 9 9 1 4 4 1 0
 9 9 9 9 3 3 3 9 9 9 9 4 4 4 0
 9 9 9 9 9 3 9 9 9 9 9 9 1 4 0
 9 9 9 9 9 9 9 9 9 9 9 9 9 1 0
 9 9 9 9 9 9 9 9 9 9 9 9 9 9 4
 9 9 9 9 9 9 9 9 9 9 9 9 9 9 9
 9 9 9 9 9 9 9 9 9 9 9 9 9 9 9
 9 9 9 9 9 9 9 9 9 9 9 9 9 9 9
 9 9 9 9 9 9 9 9 9 9 9 9 9 9 9
 9 9 9 9 9 9 9 9 9 9 9 9 9 9 9
 9 9 9 9 9 9 9 9 9 9 9 9 9 9 9
# Turn information for samurai of side 1 with weapon 2
# <turn>
221
# <cure period>
0
# Samurai states: <position x> <position y> <hiding>
14 9 0
14 0 0
5 2 1
-1 -1 1
13 5 0
-1 -1 1
# Battle field states
 9 9 2 2 2 2 2 8 0 0 0 0 1 1 5
 9 2 2 2 2 2 2 8 0 0 0 0 0 1 1
 8 2 2 2 2 2 2 8 0 0 0 0 1 0 0
 9 2 2 2 2 2 2 8 0 0 9 9 4 4 0
 9 9 2 2 3 3 3 8 5 9 9 9 9 4 4
 9 9 9 2 3 3 3 3 9 9 9 9 9 4 4
 9 9 9 9 3 3 3 9 9 9 9 9 1 4 0
 9 9 9 9 9 3 9 9 9 9 9 4 4 1 0
 9 9 9 9 9 9 9 9 9 9 4 4 4 4 4
 9 9 9 9 9 9 9 9 9 4 4 4 4 4 5
 9 9 9 9 9 9 9 9 9 9 5 4 5 5 0
 9 9 9 9 9 9 9 9 9 9 9 4 5 5 0
 9 9 9 9 9 9 9 9 9 9 9 9 5 5 0
 9 9 9 9 9 9 9 9 9 9 9 9 9 5 0
 9 9 9 9 9 9 9 9 9 9 9 9 9 9 5
# Turn information for samurai of side 1 with weapon 2
# <turn>
226
# <cure period>
0
# Samurai states: <position x> <position y> <hiding>
14 9 0
14 0 0
5 3 0
-1 -1 1
-1 -1 1
-1 -1 1
# Battle field states
 9 9 9 2 2 2 2 8 9 0 0 0 1 1 5
 9 9 2 2 2 2 2 8 0 9 0 0 0 1 1
 9 2 2 2 2 2 2 8 0 0 9 0 1 0 0
 8 2 2 2 2 2 2 8 0 0 0 9 4 4 0
 9 2 2 2 2 2 2 8 5 5 9 9 9 4 4
 9 9 2 2 3 3 3 3 0 9 9 9 9 4 4
 9 9 9 2 3 3 3 3 9 9 9 9 1 4 4
 9 9 9 9 3 3 3 9 9 9 9 4 4 4 4
 9 9 9 9 9 3 9 9 9 9 4 4 4 4 4
 9 9 9 9 9 9 9 9 9 4 4 4 4 4 5
 9 9 9 9 9 9 9 9 9 9 5 4 5 5 0
 9 9 9 9 9 9 9 9 9 9 9 4 5 5 0
 9 9 9 9 9 9 9 9 9 9 9 9 5 5 0
 9 9 9 9 9 9 9 9 9 9 9 9 9 5 0
 9 9 9 9 9 9 9 9 9 9 9 9 9 9 5
# Turn information for samurai of side 1 with weapon 2
# <turn>
233
# <cure period>
0
# Samurai states: <position x> <position y> <hiding>
14 9 0
14 0 0
5 4 1
-1 -1 1
12 6 0
-1 -1 1
# Battle field states
 9 9 9 9 2 2 2 9 9 0 0 0 1 1 5
 9 9 9 2 2 2 2 8 9 9 0 0 0 1 1
 9 9 2 2 2 2 2 8 0 9 9 0 1 0 0
 9 2 2 2 2 2 2 8 0 0 9 9 4 4 0
 8 2 2 2 2 2 2 8 5 5 0 9 9 4 4
 9 2 2 2 2 2 2 3 0 0 9 9 9 4 4
 9 9 2 2 3 3 3 3 3 9 9 9 1 4 4
 9 9 9 2 3 3 3 3 9 9 9 4 4 4 4
 9 9 9 9 3 3 3 9 9 9 4 4 4 4 4
 9 9 9 9 9 3 9 9 9 5 5 5 4 4 5
 9 9 9 9 9 9 9 9 9 9 5 5 5 5 0
 9 9 9 9 9 9 9 9 9 9 9 5 5 5 0
 9 9 9 9 9 9 9 9 9 9 9 9 5 5 0
 9 9 9 9 9 9 9 9 9 9 9 9 9 5 0
 9 9 9 9 9 9 9 9 9 9 9 9 9 9 5
# Turn information for samurai of side 1 with weapon 2
# <turn>
238
# <cure period>
0
# Samurai states: <position x> <position y> <hiding>
14 9 0
14 1 1
5 5 0
-1 -1 1
-1 -1 1
-1 -1 1
# Battle field states
 9 9 9 9 9 2 9 9 9 9 0 0 1 1 5
 9 9 9 9 2 2 2 9 9 0 0 0 1 1 1
 9 9 9 2 2 2 2 8 9 9 0 0 1 1 1
 9 9 2 2 2 2 2 8 0 9 9 1 4 4 1
 9 2 2 2 2 2 2 8 5 5 9 9 4 4 4
 8 2 2 2 2 2 2 3 0 0 4 9 9 4 4
 9 2 2 2 2 2 2 3 3 3 9 9 4 4 4
 9 9 2 2 3 3 3 3 3 9 9 4 4 4 4
 9 9 9 3 3 3 3 3 9 9 4 4 4 4 4
 9 9 9 9 3 3 3 9 9 5 5 5 4 4 5
 9 9 9 9 9 3 9 9 9 9 5 5 5 5 0
 9 9 9 9 9 9 9 9 9 9 9 5 5 5 0
 9 9 9 9 9 9 9 9 9 9 9 9 5 5 0
 9 9 9 9 9 9 9 9 9 9 9 9 9 5 0
 9 9 9 9 9 9 9 9 9 9 9 9 9 9 5
# Turn information for samurai of side 1 with weapon 2
# <turn>
245
# <cure period>
0
# Samurai states: <position x> <position y> <hiding>
14 9 0
14 2 0
5 6 1
-1 -1 1
-1 -1 1
-1 -1 1
# Battle field states
 9 9 9 9 9 9 9 9 9 9 9 0 1 1 5
 9 9 9 9 9 2 9 9 9 9 0 0 1 1 1
 9 9 9 9 2 2 2 9 9 0 0 0 1 1 1
 9 9 9 2 2 2 2 8 9 9 0 4 4 1 1
 9 9 2 2 2 2 2 8 5 9 9 4 4 4 1
 9 2 2 2 2 2 2 3 0 4 9 9 4 4 4
 3 2 2 2 2 2 2 3 3 3 4 9 4 4 4
 9 2 2 2 2 2 2 3 3 4 9 4 4 4 4
 9 9 3 3 3 3 3 3 4 9 5 5 5 4 4
 9 9 9 3 3 3 3 4 9 5 5 5 5 4 5
 9 9 9 9 4 3 3 9 9 9 5 5 5 5 0
 9 9 9 9 9 3 9 9 9 9 9 5 5 5 0
 9 9 9 9 9 9 9 9 9 9 9 9 5 5 0
 9 9 9 9 9 9 9 9 9 9 9 9 9 5 0
 9 9 9 9 9 9 9 9 9 9 9 9 9 9 5
# Turn information for samurai of side 1 with weapon 2
# <turn>
250
# <cure period>
0
# Samurai states: <position x> <position y> <hiding>
14 9 0
14 3 1
5 7 0
-1 -1 1
-1 -1 1
-1 -1 1
# Battle field states
 9 9 9 9 9 9 9 9 9 9 9 9 1 1 5
 9 9 9 9 9 9 9 9 9 9 9 0 1 1 1
 9 9 9 9 9 2 9 9 9 9 0 4 1 1 1
 9 9 9 9 2 2 2 9 9 0 4 4 1 1 1
 9 9 9 2 2 2 2 8 9 9 4 4 4 1 1
 9 9 2 2 2 2 2 3 0 9 9 4 4 4 1
 9 2 2 2 2 2 2 3 3 3 9 9 4 4 4
 3 2 2 2 2 2 2 3 3 4 4 4 4 4 4
 9 3 3 3 2 2 2 3 4 5 5 5 5 4 4
 9 9 3 3 3 3 3 4 4 5 5 5 5 4 5
 9 9 9 4 3 3 3 5 9 9 5 5 5 5 0
 9 9 9 9 3 3 3 9 9 9 9 5 5 5 0
 9 9 9 9 9 3 9 9 9 9 9 9 5 5 0
 9 9 9 9 9 9 9 9 9 9 9 9 9 5 0
 9 9 9 9 9 9 9 9 9 9 9 9 9 9 5
# Turn information for samurai of side 1 with weapon 2
# <turn>
257
# <cure period>
0
# Samurai states: <position x> <position y> <hiding>
14 10 1
14 0 0
5 8 1
-1 -1 1
-1 -1 1
-1 -1 1
# Battle field states
 9 9 9 9 9 9 9 9 9 0 0 0 1 1 5
 9 9 9 9 9 9 9 9 9 9 0 0 1 1 1
 9 9 9 9 9 9 9 9 9 9 9 4 4 1 1
 9 9 9 9 9 2 9 9 9 9 9 9 4 4 1
 9 9 9 9 2 2 2 9 9 9 9 9 9 4 4
 9 9 9 2 2 2 2 3 9 9 9 9 9 9 1
 9 9 2 2 2 2 2 3 3 9 9 9 9 4 1
 9 2 2 2 2 2 2 3 3 4 9 9 4 4 4
 3 3 3 3 2 2 2 3 4 5 5 5 5 5 4
 9 3 3 3 3 2 2 4 4 5 0 0 0 0 5
 9 9 3 4 3 3 3 5 5 5 5 5 5 5 0
 9 9 9 3 3 3 3 5 9 9 5 5 5 5 0
 9 9 9 9 3 3 3 9 9 9 9 5 5 5 0
 9 9 9 9 9 3 9 9 9 9 9 9 5 5 0
 9 9 9 9 9 9 9 9 9 9 9 9 9 5 5
# Turn information for samurai of side 1 with weapon 2
# <turn>
262
# <cure period>
0
# Samurai states: <position x> <position y> <hiding>
14 10 1
14 0 0
5 9 0
-1 -1 1
-1 -1 1
-1 -1 1
# Battle field states
 9 9 9 9 9 9 9 9 9 0 0 0 1 1 5
 9 9 9 9 9 9 9 9 9 9 0 0 1 1 1
 9 9 9 9 9 9 9 9 9 9 9 4 4 1 1
 9 9 9 9 9 9 9 9 9 9 9 9 4 4 1
 9 9 9 9 9 2 9 9 9 9 9 9 9 4 4
 9 9 9 9 2 2 2 9 9 9 9 9 9 9 4
 9 9 9 2 2 2 2 3 9 9 9 9 9 4 1
 9 9 2 2 2 2 2 3 3 9 9 9 4 4 4
 9 3 3 3 3 2 2 3 4 5 9 5 5 5 4
 3 3 3 3 3 2 2 4 4 5 0 0 0 0 5
 9 3 3 4 3 3 2 5 5 5 0 0 0 0 0
 9 9 3 3 3 3 3 5 5 9 5 5 5 5 0
 9 9 9 3 3 3 3 5 9 9 9 5 5 5 0
 9 9 9 9 3 3 3 9 9 9 9 9 5 5 0
 9 9 9 9 9 3 9 9 9 9 9 9 9 5 5
# Turn information for samurai of side 1 with weapon 2
# <turn>
269
# <cure period>
0
# Samurai states: <position x> <position y> <hiding>
14 11 0
14 0 0
4 9 0
5 12 0
-1 -1 1
-1 -1 1
# Battle field states
 9 9 9 9 9 9 9 9 9 0 0 0 1 1 5
 9 9 9 9 9 9 9 9 9 9 0 0 1 1 1
 9 9 9 9 9 9 9 9 9 9 9 4 4 1 1
 9 9 9 9 9 9 9 9 9 9 9 9 4 4 1
 9 9 9 9 2 9 9 9 9 9 9 9 9 4 4
 9 9 9 2 2 2 9 9 9 9 9 9 9 9 4
 9 9 2 2 2 2 2 9 9 9 9 9 9 9 4
 9 2 2 2 2 2 2 3 9 9 9 9 9 4 4
 3 3 3 2 2 3 2 3 4 9 9 9 4 5 4
 3 3 3 3 3 3 2 4 4 5 9 0 0 0 5
 3 3 3 2 2 3 2 5 5 9 0 0 0 0 0
 9 3 3 3 3 3 3 5 9 5 0 0 0 0 0
 9 9 3 3 3 3 3 9 9 9 5 5 5 5 0
 9 9 9 3 3 3 9 9 9 9 9 5 5 5 0
 9 9 9 9 3 9 9 9 9 9 9 9 5 5 5
# Turn information for samurai of side 1 with weapon 2
# <turn>
274
# <cure period>
27
# Samurai states: <position x> <position y> <hiding>
14 12 1
14 0 0
5 0 0
-1 -1 1
-1 -1 1
-1 -1 1
# Battle field states
 8 2 2 2 2 2 2 8 0 0 0 0 1 1 5
 9 2 2 2 2 2 2 8 0 0 0 0 1 1 1
 9 9 2 2 2 2 2 8 0 9 9 4 4 1 1
 9 9 9 2 2 2 2 8 9 9 9 9 4 4 1
 9 9 9 9 2 2 2 9 9 9 9 9 9 4 4
 9 9 9 9 9 2 9 9 9 9 9 9 9 9 4
 9 9 9 9 9 9 9 9 9 9 9 9 9 9 9
 9 9 9 9 9 9 9 9 9 9 9 9 9 9 4
 9 9 9 9 9 9 9 9 9 9 9 9 9 4 4
 9 9 9 9 9 9 9 9 9 9 9 9 4 0 5
 9 9 9 9 9 9 9 9 9 9 9 0 0 0 0
 9 9 9 9 9 9 9 9 9 9 0 0 0 0 0
 9 9 9 9 9 9 9 9 9 5 0 0 0 0 0
 9 9 9 9 9 9 9 9 9 9 5 5 5 5 0
 9 9 9 9 9 9 9 9 9 9 9 5 5 5 5
# Turn information for samurai of side 1 with weapon 2
# <turn>
281
# <cure period>
20
# Samurai states: <position x> <position y> <hiding>
14 13 0
14 0 0
5 0 0
-1 -1 1
-1 -1 1
-1 -1 1
# Battle field states
 8 2 2 2 2 2 2 8 0 0 0 0 1 1 5
 9 2 2 2 2 2 2 8 0 0 0 0 1 1 1
 9 9 2 2 2 2 2 8 0 9 9 4 4 1 1
 9 9 9 2 2 2 2 8 9 9 9 9 4 4 1
 9 9 9 9 2 2 2 9 9 9 9 9 9 4 4
 9 9 9 9 9 2 9 9 9 9 9 9 9 9 4
 9 9 9 9 9 9 9 9 9 9 9 9 9 9 9
 9 9 9 9 9 9 9 9 9 9 9 9 9 9 9
 9 9 9 9 9 9 9 9 9 9 9 9 9 9 4
 9 9 9 9 9 9 9 9 9 9 9 9 9 0 5
 9 9 9 9 9 9 9 9 9 9 9 9 4 0 0
 9 9 9 9 9 9 9 9 9 9 9 0 0 0 0
 9 9 9 9 9 9 9 9 9 9 0 0 0 0 0
 9 9 9 9 9 9 9 9 9 3 0 0 0 0 0
 9 9 9 9 9 9 9 9 9 9 5 5 5 5 5
# Turn information for samurai of side 1 with weapon 2
# <turn>
286
# <cure period>
15
# Samurai states: <position x> <position y> <hiding>
14 14 0
13 0 1
5 0 0
-1 -1 1
-1 -1 1
9 14 0
# Battle field states
 8 2 2 2 2 2 2 8 0 0 0 1 1 1 5
 9 2 2 2 2 2 2 8 0 0 0 0 1 1 1
 9 9 2 2 2 2 2 8 0 9 0 4 4 1 1
 9 9 9 2 2 2 2 8 9 9 9 4 4 4 1
 9 9 9 9 2 2 2 9 9 9 9 9 4 4 4
 9 9 9 9 9 2 9 9 9 9 9 9 9 4 9
 9 9 9 9 9 9 9 9 9 9 9 9 9 9 9
 9 9 9 9 9 9 9 9 9 9 9 9 9 9 9
 9 9 9 9 9 9 9 9 9 9 9 9 9 9 9
 9 9 9 9 9 9 9 9 9 9 9 9 9 9 4
 9 9 9 9 9 9 9 9 9 9 9 9 9 4 0
 9 9 9 9 9 9 9 9 9 9 9 9 4 0 0
 9 9 9 9 9 9 9 9 9 9 9 0 0 0 0
 9 9 9 9 9 9 9 9 9 9 0 0 0 0 0
 9 9 9 9 9 9 9 9 9 5 0 0 0 0 5
# Turn information for samurai of side 1 with weapon 2
# <turn>
293
# <cure period>
8
# Samurai states: <position x> <position y> <hiding>
14 13 1
13 1 0
5 0 0
-1 -1 1
-1 -1 1
10 13 0
# Battle field states
 8 2 2 2 2 2 2 8 0 0 0 1 1 1 5
 9 2 2 2 2 2 2 8 0 0 0 1 1 1 1
 9 9 2 2 2 2 2 8 0 0 0 4 1 1 1
 9 9 9 2 2 2 2 8 9 9 4 4 4 1 1
 9 9 9 9 2 2 2 9 9 9 9 4 4 4 4
 9 9 9 9 9 2 9 9 9 9 9 9 4 4 4
 9 9 9 9 9 9 9 9 9 9 9 9 9 4 9
 9 9 9 9 9 9 9 9 9 9 9 9 9 9 9
 9 9 9 9 9 9 9 9 9 9 9 9 9 9 4
 9 9 9 9 9 9 9 9 9 9 9 9 9 4 4
 9 9 9 9 9 9 9 9 9 9 9 9 4 4 0
 9 9 9 9 9 9 9 9 9 9 9 4 4 0 0
 9 9 9 9 9 9 9 9 9 9 5 5 0 0 0
 9 9 9 9 9 9 9 9 9 5 5 5 0 0 0
 9 9 9 9 9 9 9 9 9 9 5 5 0 0 5
# Turn information for samurai of side 1 with weapon 2
# <turn>
298
# <cure period>
3
# Samurai states: <position x> <position y> <hiding>
13 13 0
13 2 1
5 0 0
-1 -1 1
-1 -1 1
9 14 0
# Battle field states
 8 2 2 2 2 2 2 8 0 0 0 1 1 1 5
 9 2 2 2 2 2 2 8 0 0 0 1 1 1 1
 9 9 2 2 2 2 2 8 0 0 0 1 1 1 1
 9 9 9 2 2 2 2 8 9 0 4 4 1 1 1
 9 9 9 9 2 2 2 9 9 9 4 4 4 1 4
 9 9 9 9 9 2 9 9 9 9 9 4 4 4 4
 9 9 9 9 9 9 9 9 9 9 9 9 4 4 4
 9 9 9 9 9 9 9 9 9 9 9 9 9 4 9
 9 9 9 9 9 9 9 9 9 9 9 9 9 4 9
 9 9 9 9 9 9 9 9 9 9 9 9 4 4 4
 9 9 9 9 9 9 9 9 9 9 9 4 4 4 0
 9 9 9 9 9 9 9 9 9 9 4 4 4 0 0
 9 9 9 9 9 9 9 9 9 5 5 4 0 0 0
 9 9 9 9 9 9 9 9 5 0 0 0 0 0 0
 9 9 9 9 9 9 9 9 9 5 5 5 0 0 5
# Turn information for samurai of side 1 with weapon 2
# <turn>
305
# <cure period>
0
# Samurai states: <position x> <position y> <hiding>
13 12 1
13 3 0
5 0 0
-1 -1 1
12 10 0
-1 -1 1
# Battle field states
 8 2 2 2 2 2 2 8 0 0 0 1 1 1 5
 9 2 2 2 2 2 2 8 0 0 0 1 1 1 1
 9 9 2 2 2 2 2 8 0 0 0 1 1 1 1
 9 9 9 2 2 2 2 8 0 0 4 1 1 1 1
 9 9 9 9 2 2 2 9 9 4 4 4 1 1 4
 9 9 9 9 9 2 9 9 9 9 4 4 4 1 4
 9 9 9 9 9 9 9 9 9 9 9 4 4 4 4
 9 9 9 9 9 9 9 9 9 9 9 9 4 4 4
 9 9 9 9 9 9 9 9 9 9 9 9 4 0 4
 9 9 9 9 9 9 9 9 9 9 9 4 4 0 4
 9 9 9 9 9 9 9 9 9 9 4 4 4 4 4
 9 9 9 9 9 9 9 9 9 5 4 4 4 4 0
 9 9 9 9 9 9 9 9 5 5 5 4 4 0 0
 9 9 9 9 9 9 9 9 9 0 0 0 0 0 0
 9 9 9 9 9 9 9 9 9 9 5 5 0 0 5
# Turn information for samurai of side 1 with weapon 2
# <turn>
310
# <cure period>
0
# Samurai states: <position x> <position y> <hiding>
12 12 0
13 4 1
6 0 1
-1 -1 1
-1 -1 1
9 14 0
# Battle field states
 9 2 2 2 2 2 2 2 0 0 0 1 1 1 5
 9 9 2 2 2 2 2 2 0 0 0 1 1 1 1
 9 9 9 2 2 2 2 8 0 0 0 1 1 1 1
 9 9 9 9 2 2 2 8 0 0 4 1 1 1 1
 9 9 9 9 9 2 2 8 5 4 4 4 1 1 1
 9 9 9 9 9 9 2 9 9 4 4 4 4 1 1
 9 9 9 9 9 9 9 9 9 9 4 4 4 1 4
 9 9 9 9 9 9 9 9 9 9 9 4 4 4 4
 9 9 9 9 9 9 9 9 9 9 9 4 0 0 4
 9 9 9 9 9 9 9 9 9 9 4 4 0 0 4
 9 9 9 9 9 9 9 9 9 4 4 4 0 4 4
 9 9 9 9 9 9 9 9 5 5 4 4 0 4 0
 9 9 9 9 9 9 9 5 5 5 5 4 4 0 0
 9 9 9 9 9 9 9 9 5 0 0 0 0 0 0
 9 9 9 9 9 9 9 9 9 5 5 5 0 0 5
# Turn information for samurai of side 1 with weapon 2
# <turn>
317
# <cure period>
0
# Samurai states: <position x> <position y> <hiding>
12 13 1
12 4 0
6 1 0
-1 -1 1
-1 -1 1
9 14 0
# Battle field states
 9 9 2 2 2 2 2 2 0 0 0 1 1 1 9
 9 2 2 2 2 2 2 2 0 0 0 1 1 1 1
 9 9 2 2 2 2 2 2 0 0 0 1 1 1 1
 9 9 9 2 2 2 2 8 0 0 4 1 1 1 1
 9 9 9 9 2 2 2 8 5 4 1 1 1 1 1
 9 9 9 9 9 3 3 3 0 4 4 1 1 1 1
 9 9 9 9 9 9 3 9 9 3 4 4 1 1 4
 9 9 9 9 9 9 9 9 9 9 4 4 4 4 4
 9 9 9 9 9 9 9 9 9 9 9 4 0 0 9
 9 9 9 9 9 9 9 9 9 9 9 4 0 0 9
 9 9 9 9 9 9 9 9 9 9 4 4 0 4 4
 9 9 9 9 9 9 9 9 9 5 4 4 0 4 0
 9 9 9 9 9 9 9 9 0 0 0 0 4 0 0
 9 9 9 9 9 9 9 3 5 0 0 0 0 0 0
 9 9 9 9 9 9 9 9 5 5 5 5 0 0 5
# Turn information for samurai of side 1 with weapon 2
# <turn>
322
# <cure period>
0
# Samurai states: <position x> <position y> <hiding>
12 14 0
12 5 1
7 1 1
-1 -1 1
-1 -1 1
9 14 0
# Battle field states
 9 9 9 2 2 2 2 2 2 0 0 1 1 9 9
 9 9 2 2 2 2 2 2 2 0 0 1 1 1 9
 9 9 9 2 2 2 2 2 2 0 0 1 1 1 1
 9 9 9 9 2 2 2 8 0 0 4 1 1 1 1
 9 9 9 9 9 2 2 8 5 4 1 1 1 1 1
 9 9 9 9 9 9 3 3 0 4 1 1 1 1 1
 9 9 9 9 9 9 9 3 3 3 4 1 1 1 4
 9 9 9 9 9 9 9 9 9 4 4 4 1 4 4
 9 9 9 9 9 9 9 9 9 9 4 4 0 0 4
 9 9 9 9 9 9 9 9 9 9 9 4 0 0 9
 9 9 9 9 9 9 9 9 9 9 9 4 0 4 9
 9 9 9 9 9 9 9 9 9 9 4 4 0 4 0
 9 9 9 9 9 9 9 9 9 0 0 0 4 0 0
 9 9 9 9 9 9 9 9 5 0 0 0 0 0 0
 9 9 9 9 9 9 9 3 0 0 0 0 0 0 5
# Turn information for samurai of side 1 with weapon 2
# <turn>
329
# <cure period>
0
# Samurai states: <position x> <position y> <hiding>
13 14 1
11 5 0
7 2 0
-1 -1 1
-1 -1 1
9 14 0
# Battle field states
 9 9 9 9 2 2 2 2 2 0 0 1 9 9 9
 9 9 9 2 2 2 2 2 2 0 0 1 1 9 9
 9 9 2 2 2 2 2 2 2 0 0 1 1 1 9
 9 9 9 2 2 2 2 2 2 0 4 1 1 1 1
 9 9 9 9 2 2 2 8 5 4 1 1 1 1 1
 9 9 9 9 9 3 3 3 0 1 1 1 1 1 1
 9 9 9 9 9 9 3 3 3 3 1 1 1 1 4
 9 9 9 9 9 9 9 3 3 4 4 1 1 4 4
 9 9 9 9 9 9 9 9 9 5 4 4 0 0 9
 9 9 9 9 9 9 9 9 9 9 4 4 0 0 9
 9 9 9 9 9 9 9 9 9 9 9 4 0 0 4
 9 9 9 9 9 9 9 9 9 9 9 4 0 0 0
 9 9 9 9 9 9 9 9 9 9 0 0 4 0 0
 9 9 9 9 9 9 9 9 9 0 0 0 0 0 0
 9 9 9 9 9 9 9 9 0 0 0 0 0 0 5
# Turn information for samurai of side 1 with weapon 2
# <turn>
334
# <cure period>
0
# Samurai states: <position x> <position y> <hiding>
13 14 1
11 6 1
7 3 1
-1 -1 1
-1 -1 1
9 14 0
# Battle field states
 9 9 9 9 9 2 2 2 2 0 9 9 9 9 9
 9 9 9 9 2 2 2 2 2 0 0 1 9 9 9
 9 9 9 2 2 2 2 2 2 0 0 1 1 9 9
 9 9 2 2 2 2 2 2 2 0 4 1 1 1 9
 9 9 9 2 2 2 2 2 2 4 1 1 1 1 1
 9 9 9 9 3 3 3 3 0 1 1 1 1 1 1
 9 9 9 9 9 3 3 3 3 1 1 1 1 1 4
 9 9 9 9 9 9 3 3 3 4 1 1 1 4 4
 9 9 9 9 9 9 9 3 4 5 4 1 0 0 4
 9 9 9 9 9 9 9 9 9 4 4 4 0 0 9
 9 9 9 9 9 9 9 9 9 9 4 4 0 0 4
 9 9 9 9 9 9 9 9 9 9 9 4 0 0 0
 9 9 9 9 9 9 9 9 9 9 0 0 4 0 0
 9 9 9 9 9 9 9 9 9 3 0 0 0 0 0
 9 9 9 9 9 9 9 9 0 0 0 0 0 0 0
# Turn information for samurai of side 1 with weapon 2
# <turn>
341
# <cure period>
0
# Samurai states: <position x> <position y> <hiding>
14 14 0
11 7 0
7 4 0
10 9 0
-1 -1 1
9 14 0
# Battle field states
 9 9 9 9 9 9 2 2 2 9 9 9 9 9 9
 9 9 9 9 9 2 2 2 2 0 9 9 9 9 9
 9 9 9 9 2 2 2 2 2 0 0 1 9 9 9
 9 9 9 2 2 2 2 2 2 0 4 1 1 9 9
 9 9 2 2 2 2 2 2 2 4 1 1 1 1 9
 9 9 9 3 3 3 2 2 2 1 3 1 1 1 1
 9 9 9 9 3 3 3 3 3 1 3 1 1 1 4
 9 9 9 9 9 3 3 3 3 1 1 1 1 4 4
 9 9 9 9 9 9 3 3 4 5 1 1 0 0 4
 9 9 9 9 9 9 9 4 4 4 4 1 0 0 4
 9 9 9 9 9 9 9 9 9 3 4 4 0 0 0
 9 9 9 9 9 9 9 9 9 9 4 4 0 0 0
 9 9 9 9 9 9 9 9 9 9 9 0 4 0 0
 9 9 9 9 9 9 9 9 9 9 0 0 0 0 0
 9 9 9 9 9 9 9 9 9 0 0 0 0 0 0
# Turn information for samurai of side 1 with weapon 2
# <turn>
346
# <cure period>
0
# Samurai states: <position x> <position y> <hiding>
14 13 1
14 0 0
7 5 1
-1 -1 1
-1 -1 1
-1 -1 1
# Battle field states
 9 9 9 9 9 9 9 2 9 0 0 1 1 1 5
 9 9 9 9 9 9 2 2 2 9 0 1 1 1 1
 9 9 9 9 9 2 2 2 2 0 9 1 1 1 1
 9 9 9 9 2 2 2 2 2 0 4 9 1 1 1
 9 9 9 2 2 2 2 2 2 4 1 1 9 1 1
 9 9 2 3 3 3 2 2 2 1 3 3 1 9 1
 9 9 9 3 3 3 2 2 2 1 3 3 9 9 9
 9 9 9 9 3 3 3 3 3 1 1 9 9 9 9
 9 9 9 9 9 3 3 3 4 5 9 9 9 9 4
 9 9 9 9 9 9 3 4 4 9 9 9 9 0 4
 9 9 9 9 9 9 9 3 9 9 9 9 0 0 0
 9 9 9 9 9 9 9 9 9 9 9 4 0 0 0
 9 9 9 9 9 9 9 9 9 9 0 0 4 0 0
 9 9 9 9 9 9 9 9 9 3 0 0 0 0 0
 9 9 9 9 9 9 9 9 9 9 0 0 0 0 0
# Turn information for samurai of side 1 with weapon 2
# <turn>
353
# <cure period>
0
# Samurai states: <position x> <position y> <hiding>
14 12 0
14 0 0
7 6 0
12 9 0
-1 -1 1
-1 -1 1
# Battle field states
 9 9 9 9 9 9 9 9 9 0 0 1 1 1 5
 9 9 9 9 9 9 9 2 9 9 0 1 1 1 1
 9 9 9 9 9 9 2 2 2 9 9 1 1 1 1
 9 9 9 9 9 2 2 2 2 0 9 9 1 1 1
 9 9 9 9 2 2 2 2 2 4 1 9 9 1 1
 9 9 9 3 3 3 2 2 2 1 3 3 9 9 1
 9 9 2 3 3 3 2 2 2 1 3 3 3 9 9
 9 9 9 3 3 3 2 2 2 1 1 3 9 9 4
 9 9 9 9 3 3 3 3 4 5 1 9 9 0 0
 9 9 9 9 9 3 3 4 4 4 9 9 0 0 0
 9 9 9 9 9 9 3 3 3 9 9 4 0 0 0
 9 9 9 9 9 9 9 3 9 9 4 4 0 0 0
 9 9 9 9 9 9 9 9 9 5 5 0 4 0 0
 9 9 9 9 9 9 9 9 9 9 5 0 0 0 0
 9 9 9 9 9 9 9 9 9 9 9 0 0 0 0
# Turn information for samurai of side 1 with weapon 2
# <turn>
358
# <cure period>
0
# Samurai states: <position x> <position y> <hiding>
13 12 1
14 0 0
7 7 1
-1 -1 1
-1 -1 1
-1 -1 1
# Battle field states
 9 9 9 9 9 9 9 9 9 0 0 1 1 1 5
 9 9 9 9 9 9 9 9 9 9 0 1 1 1 1
 9 9 9 9 9 9 9 2 9 9 9 1 1 1 1
 9 9 9 9 9 9 2 2 2 9 9 9 1 1 1
 9 9 9 9 9 2 2 2 2 4 9 9 9 1 1
 9 9 9 9 3 3 2 2 2 1 3 9 9 9 1
 9 9 9 3 3 3 2 2 2 1 3 3 9 9 9
 9 9 2 3 3 3 2 2 2 1 1 3 3 4 9
 9 9 9 3 3 3 2 2 2 5 1 3 3 0 0
 9 9 9 9 3 3 3 4 4 4 4 1 0 0 0
 9 9 9 9 9 3 3 3 3 3 4 4 3 0 0
 9 9 9 9 9 9 3 3 3 3 4 4 3 0 0
 9 9 9 9 9 9 9 5 5 0 0 0 3 0 0
 9 9 9 9 9 9 9 9 9 3 5 0 3 0 0
 9 9 9 9 9 9 9 9 9 9 5 0 0 0 0
# Turn information for samurai of side 1 with weapon 2
# <turn>
365
# <cure period>
0
# Samurai states: <position x> <position y> <hiding>
14 9 0
14 0 0
7 8 0
13 8 0
-1 -1 1
-1 -1 1
# Battle field states
 9 9 9 9 9 9 9 9 9 0 0 1 1 1 5
 9 9 9 9 9 9 9 9 9 9 0 1 1 1 1
 9 9 9 9 9 9 9 9 9 9 9 1 1 1 1
 9 9 9 9 9 9 9 2 9 9 9 9 1 1 1
 9 9 9 9 9 9 2 2 2 9 9 9 9 1 1
 9 9 9 9 9 3 2 2 2 1 9 9 9 1 1
 9 9 9 9 3 3 2 2 2 1 3 9 3 1 4
 9 9 9 3 3 3 2 2 2 1 1 3 3 4 4
 9 9 3 3 3 3 2 2 2 5 1 3 3 0 0
 9 9 9 3 3 3 2 2 2 4 4 1 0 3 0
 9 9 9 9 3 3 3 3 3 3 4 4 3 3 0
 9 9 9 9 9 3 3 3 3 3 9 4 3 3 0
 9 9 9 9 9 9 3 5 5 9 9 9 5 3 0
 9 9 9 9 9 9 9 3 9 9 9 9 9 0 0
 9 9 9 9 9 9 9 9 9 9 9 9 9 9 0
# Turn information for samurai of side 1 with weapon 2
# <turn>
370
# <cure period>
0
# Samurai states: <position x> <position y> <hiding>
14 9 0
14 0 0
7 9 1
-1 -1 1
-1 -1 1
-1 -1 1
# Battle field states
 9 9 9 9 9 9 9 9 9 0 0 1 1 1 5
 9 9 9 9 9 9 9 9 9 9 0 1 1 1 1
 9 9 9 9 9 9 9 9 9 9 9 1 1 1 1
 9 9 9 9 9 9 9 9 9 9 9 9 1 3 1
 9 9 9 9 9 9 9 2 9 9 9 9 9 3 1
 9 9 9 9 9 9 2 2 2 9 9 9 9 3 1
 9 9 9 9 9 3 2 2 2 1 9 9 3 3 4
 9 9 9 9 3 3 2 2 2 1 1 3 3 4 4
 9 9 9 3 3 3 2 2 2 5 1 3 3 0 0
 9 9 3 3 3 3 2 2 2 4 4 1 0 3 0
 9 9 9 3 3 3 2 2 2 3 4 4 3 3 0
 9 9 9 9 3 3 3 3 3 3 4 4 3 3 0
 9 9 9 9 9 4 4 5 5 5 9 9 5 3 0
 9 9 9 9 9 9 4 4 5 9 9 9 9 0 0
 9 9 9 9 9 9 9 4 9 9 9 9 9 9 0
# Turn information for samurai of side 1 with weapon 2
# <turn>
377
# <cure period>
0
# Samurai states: <position x> <position y> <hiding>
14 9 0
14 1 1
7 10 0
14 7 0
-1 -1 1
-1 -1 1
# Battle field states
 9 9 9 9 9 9 9 9 9 9 0 1 1 1 5
 9 9 9 9 9 9 9 9 9 0 0 1 1 1 1
 9 9 9 9 9 9 9 9 9 9 0 1 1 1 1
 9 9 9 9 9 9 9 9 9 9 9 1 1 3 1
 9 9 9 9 9 9 9 9 9 9 9 9 1 3 3
 9 9 9 9 9 9 9 2 9 9 9 9 9 3 3
 9 9 9 9 9 9 2 2 2 9 9 9 3 3 3
 9 9 9 9 9 3 2 2 2 1 9 3 3 4 4
 9 9 9 9 3 3 2 2 2 5 1 3 3 0 0
 9 9 9 3 3 3 2 2 2 4 4 1 0 3 0
 9 9 3 3 3 3 2 2 2 3 4 4 3 3 0
 9 9 9 3 3 3 4 2 2 3 4 4 3 3 0
 9 9 9 9 4 4 4 4 5 5 5 9 5 5 5
 9 9 9 9 9 4 4 4 4 3 9 9 9 5 5
 9 9 9 9 9 9 4 4 4 9 9 9 9 9 5
# Turn information for samurai of side 1 with weapon 2
# <turn>
382
# <cure period>
28
# Samurai states: <position x> <position y> <hiding>
14 9 0
14 2 0
5 0 0
-1 -1 1
-1 -1 1
-1 -1 1
# Battle field states
 8 2 2 2 2 2 2 2 2 0 0 1 1 1 5
 9 2 2 2 2 2 2 2 2 0 0 1 1 1 1
 9 9 2 2 2 2 2 2 2 0 0 1 1 1 1
 9 9 9 2 2 2 2 2 9 9 4 1 1 1 1
 9 9 9 9 2 2 2 9 9 9 9 1 1 3 1
 9 9 9 9 9 3 9 9 9 9 9 9 3 3 3
 9 9 9 9 9 9 9 9 9 9 9 9 3 3 3
 9 9 9 9 9 9 9 9 9 9 9 3 3 4 4
 9 9 9 9 9 9 9 9 9 9 1 3 3 0 3
 9 9 9 9 9 9 9 9 9 4 4 1 0 3 3
 9 9 9 9 9 9 9 9 9 9 4 4 3 3 3
 9 9 9 9 9 9 9 9 9 9 9 4 3 3 3
 9 9 9 9 9 9 9 9 9 9 9 9 5 5 5
 9 9 9 9 9 9 9 9 9 9 9 9 9 5 5
 9 9 9 9 9 9 9 9 9 9 9 9 9 9 5
# Turn information for samurai of side 1 with weapon 2
# <turn>
389
# <cure period>
21
# Samurai states: <position x> <position y> <hiding>
14 9 0
14 0 0
5 0 0
14 5 0
-1 -1 1
-1 -1 1
# Battle field states
 8 2 2 2 2 2 2 2 2 0 0 1 1 1 5
 9 2 2 2 2 2 2 2 2 0 0 1 1 1 3
 9 9 2 2 2 2 2 2 2 9 9 1 1 1 3
 9 9 9 2 2 2 2 2 9 9 9 9 1 1 3
 9 9 9 9 2 2 2 9 9 9 9 9 9 3 3
 9 9 9 9 9 3 9 9 9 9 9 9 9 3 3
 9 9 9 9 9 9 9 9 9 9 9 9 3 3 3
 9 9 9 9 9 9 9 9 9 9 9 3 3 4 4
 9 9 9 9 9 9 9 9 9 9 1 3 3 0 3
 9 9 9 9 9 9 9 9 9 4 4 1 0 3 3
 9 9 9 9 9 9 9 9 9 9 4 4 5 5 5
 9 9 9 9 9 9 9 9 9 9 9 4 5 5 5
 9 9 9 9 9 9 9 9 9 9 9 9 5 5 5
 9 9 9 9 9 9 9 9 9 9 9 9 9 5 5
 9 9 9 9 9 9 9 9 9 9 9 9 9 9 5
# Turn information for samurai of side 1 with weapon 2
# <turn>
394
# <cure period>
16
# Samurai states: <position x> <position y> <hiding>
14 9 0
14 0 0
5 0 0
-1 -1 1
-1 -1 1
-1 -1 1
# Battle field states
 8 2 2 2 2 2 2 2 2 0 0 1 1 1 5
 9 2 2 2 2 2 2 2 2 0 0 1 1 1 3
 9 9 2 2 2 2 2 2 2 9 9 1 1 1 3
 9 9 9 2 2 2 2 2 9 9 9 9 1 1 3
 9 9 9 9 2 2 2 9 9 9 9 9 9 3 3
 9 9 9 9 9 3 9 9 9 9 9 9 9 3 3
 9 9 9 9 9 9 9 9 9 9 9 9 3 3 3
 9 9 9 9 9 9 9 9 9 9 9 3 3 4 4
 9 9 9 9 9 9 9 9 9 9 1 3 3 0 3
 9 9 9 9 9 9 9 9 9 4 4 1 0 3 3
 9 9 9 9 9 9 9 9 9 9 4 4 5 5 5
 9 9 9 9 9 9 9 9 9 9 9 4 5 5 5
 9 9 9 9 9 9 9 9 9 9 9 9 5 5 5
 9 9 9 9 9 9 9 9 9 9 9 9 9 5 5
 9 9 9 9 9 9 9 9 9 9 9 9 9 9 5
# Turn information for samurai of side 1 with weapon 2
# <turn>
401
# <cure period>
9
# Samurai states: <position x> <position y> <hiding>
14 9 0
14 0 0
5 0 0
13 4 0
-1 -1 1
-1 -1 1
# Battle field states
 8 2 2 2 2 2 2 2 2 0 0 1 1 3 5
 9 2 2 2 2 2 2 2 2 0 0 1 1 3 3
 9 9 2 2 2 2 2 2 2 9 9 1 1 3 3
 9 9 9 2 2 2 2 2 9 9 9 9 1 3 3
 9 9 9 9 2 2 2 9 9 9 9 9 9 3 3
 9 9 9 9 9 3 9 9 9 9 9 9 9 3 3
 9 9 9 9 9 9 9 9 9 9 9 9 3 3 3
 9 9 9 9 9 9 9 9 9 9 9 3 3 4 4
 9 9 9 9 9 9 9 9 9 9 1 3 5 5 5
 9 9 9 9 9 9 9 9 9 4 4 1 5 5 5
 9 9 9 9 9 9 9 9 9 9 4 4 5 5 5
 9 9 9 9 9 9 9 9 9 9 9 4 5 5 5
 9 9 9 9 9 9 9 9 9 9 9 9 5 5 5
 9 9 9 9 9 9 9 9 9 9 9 9 9 5 5
 9 9 9 9 9 9 9 9 9 9 9 9 9 9 5
# Turn information for samurai of side 1 with weapon 2
# <turn>
406
# <cure period>
4
# Samurai states: <position x> <position y> <hiding>
14 9 0
14 0 0
5 0 0
-1 -1 1
-1 -1 1
-1 -1 1
# Battle field states
 8 2 2 2 2 2 2 2 2 0 0 1 3 3 5
 9 2 2 2 2 2 2 2 2 0 0 1 3 3 3
 9 9 2 2 2 2 2 2 2 9 9 1 3 3 3
 9 9 9 2 2 2 2 2 9 9 9 9 3 3 3
 9 9 9 9 2 2 2 9 9 9 9 9 9 3 3
 9 9 9 9 9 3 9 9 9 9 9 9 9 3 3
 9 9 9 9 9 9 9 9 9 9 9 9 3 3 3
 9 9 9 9 9 9 9 9 9 9 9 3 3 4 4
 9 9 9 9 9 9 9 9 9 9 1 3 5 5 5
 9 9 9 9 9 9 9 9 9 4 4 1 5 5 5
 9 9 9 9 9 9 9 9 9 9 4 4 5 5 5
 9 9 9 9 9 9 9 9 9 9 9 4 5 5 5
 9 9 9 9 9 9 9 9 9 9 9 9 5 5 5
 9 9 9 9 9 9 9 9 9 9 9 9 9 5 5
 9 9 9 9 9 9 9 9 9 9 9 9 9 9 5
# Turn information for samurai of side 1 with weapon 2
# <turn>
413
# <cure period>
0
# Samurai states: <position x> <position y> <hiding>
14 9 0
14 0 0
5 0 0
-1 -1 1
-1 -1 1
-1 -1 1
# Battle field states
 8 2 2 2 2 2 2 2 2 0 0 3 3 3 5
 9 2 2 2 2 2 2 2 2 0 0 3 3 3 3
 9 9 2 2 2 2 2 2 2 9 9 3 3 3 3
 9 9 9 2 2 2 2 2 9 9 9 9 3 3 3
 9 9 9 9 2 2 2 9 9 9 9 9 9 3 3
 9 9 9 9 9 3 9 9 9 9 9 9 9 3 3
 9 9 9 9 9 9 9 9 9 9 9 9 3 3 3
 9 9 9 9 9 9 9 9 9 9 9 3 3 4 4
 9 9 9 9 9 9 9 9 9 9 5 5 5 5 5
 9 9 9 9 9 9 9 9 9 4 5 5 5 5 5
 9 9 9 9 9 9 9 9 9 9 5 5 5 5 5
 9 9 9 9 9 9 9 9 9 9 9 4 5 5 5
 9 9 9 9 9 9 9 9 9 9 9 9 5 5 5
 9 9 9 9 9 9 9 9 9 9 9 9 9 5 5
 9 9 9 9 9 9 9 9 9 9 9 9 9 9 5
# Turn information for samurai of side 1 with weapon 2
# <turn>
418
# <cure period>
0
# Samurai states: <position x> <position y> <hiding>
14 9 0
14 0 0
5 1 1
-1 -1 1
-1 -1 1
-1 -1 1
# Battle field states
 9 2 2 2 2 2 2 2 2 0 0 3 1 1 5
 8 2 2 2 2 2 2 2 2 0 0 3 3 1 1
 9 2 2 2 2 2 2 2 2 0 9 3 3 3 1
 9 9 2 2 2 2 2 3 3 9 9 9 3 3 3
 9 9 9 2 2 2 2 2 9 9 9 9 9 3 3
 9 9 9 9 3 3 4 9 9 9 9 9 9 3 3
 9 9 9 9 9 3 9 9 9 9 9 9 3 3 3
 9 9 9 9 9 9 9 9 9 9 9 3 3 4 4
 9 9 9 9 9 9 9 9 9 9 5 5 5 5 5
 9 9 9 9 9 9 9 9 9 4 5 5 5 5 5
 9 9 9 9 9 9 9 9 9 9 5 5 5 5 5
 9 9 9 9 9 9 9 9 9 9 9 4 5 5 5
 9 9 9 9 9 9 9 9 9 9 9 9 5 5 5
 9 9 9 9 9 9 9 9 9 9 9 9 9 5 5
 9 9 9 9 9 9 9 9 9 9 9 9 9 9 5
# Turn information for samurai of side 1 with weapon 2
# <turn>
425
# <cure period>
0
# Samurai states: <position x> <position y> <hiding>
14 9 0
14 1 1
5 1 1
11 2 0
-1 -1 1
-1 -1 1
# Battle field states
 9 2 2 2 2 2 2 2 2 0 0 3 1 1 5
 8 2 2 2 2 2 2 2 2 0 0 3 1 1 1
 9 2 2 2 2 2 2 3 3 3 3 3 3 1 1
 9 9 2 2 2 2 2 3 3 9 9 3 3 3 1
 9 9 9 2 2 2 2 4 9 9 9 9 3 3 3
 9 9 9 9 3 3 4 9 9 9 9 9 9 3 3
 9 9 9 9 9 3 9 9 9 9 9 9 5 3 3
 9 9 9 9 9 9 9 9 9 9 9 5 5 4 4
 9 9 9 9 9 9 9 9 9 9 5 5 5 5 5
 9 9 9 9 9 9 9 9 9 4 5 5 5 5 5
 9 9 9 9 9 9 9 9 9 9 5 5 5 5 5
 9 9 9 9 9 9 9 9 9 9 9 4 5 5 5
 9 9 9 9 9 9 9 9 9 9 9 9 5 5 5
 9 9 9 9 9 9 9 9 9 9 9 9 9 5 5
 9 9 9 9 9 9 9 9 9 9 9 9 9 9 5
# Turn information for samurai of side 1 with weapon 2
# <turn>
430
# <cure period>
0
# Samurai states: <position x> <position y> <hiding>
14 9 0
14 2 0
6 1 0
-1 -1 1
-1 -1 1
-1 -1 1
# Battle field states
 9 9 2 2 2 2 2 2 2 0 0 3 1 1 5
 9 2 2 2 2 2 2 3 3 3 3 3 1 1 1
 9 9 2 2 2 2 2 2 3 3 3 3 1 1 1
 9 9 9 2 2 2 2 3 3 3 3 3 3 1 1
 9 9 9 9 2 2 2 4 4 9 9 3 3 3 1
 9 9 9 9 9 3 4 4 9 9 9 9 3 3 3
 9 9 9 9 9 9 4 9 9 9 9 9 5 3 3
 9 9 9 9 9 9 9 9 9 9 9 5 5 4 4
 9 9 9 9 9 9 9 9 9 9 5 5 5 5 5
 9 9 9 9 9 9 9 9 9 4 5 5 5 5 5
 9 9 9 9 9 9 9 9 9 9 5 5 5 5 5
 9 9 9 9 9 9 9 9 9 9 9 4 5 5 5
 9 9 9 9 9 9 9 9 9 9 9 9 5 5 5
 9 9 9 9 9 9 9 9 9 9 9 9 9 5 5
 9 9 9 9 9 9 9 9 9 9 9 9 9 9 5
# Turn information for samurai of side 1 with weapon 2
# <turn>
437
# <cure period>
0
# Samurai states: <position x> <position y> <hiding>
14 9 0
14 3 1
6 2 1
-1 -1 1
-1 -1 1
-1 -1 1
# Battle field states
 9 9 9 2 2 2 2 3 3 3 9 9 1 1 5
 9 9 2 2 2 2 2 2 3 3 3 3 1 1 1
 9 2 2 2 2 2 2 2 3 3 3 3 1 1 1
 9 9 2 2 2 2 2 3 3 3 3 3 1 1 1
 9 9 9 2 2 2 2 4 4 4 3 3 3 1 1
 9 9 9 9 3 3 4 4 4 9 9 5 5 3 1
 9 9 9 9 9 3 4 4 9 9 9 9 5 3 3
 9 9 9 9 9 9 4 9 9 9 9 5 5 4 4
 9 9 9 9 9 9 9 9 9 9 5 5 5 5 5
 9 9 9 9 9 9 9 9 9 4 5 5 5 5 5
 9 9 9 9 9 9 9 9 9 9 5 5 5 5 0
 9 9 9 9 9 9 9 9 9 9 9 4 5 5 0
 9 9 9 9 9 9 9 9 9 9 9 9 5 5 0
 9 9 9 9 9 9 9 9 9 9 9 9 9 5 0
 9 9 9 9 9 9 9 9 9 9 9 9 9 9 5
# Turn information for samurai of side 1 with weapon 2
# <turn>
442
# <cure period>
0
# Samurai states: <position x> <position y> <hiding>
14 10 1
14 4 0
7 2 0
-1 -1 1
-1 -1 1
-1 -1 1
# Battle field states
 9 9 9 9 2 2 2 3 3 3 3 9 9 1 5
 9 9 9 2 2 2 2 2 2 3 3 3 3 3 3
 9 9 2 2 2 2 2 2 2 3 3 3 1 1 1
 9 9 9 2 2 2 2 2 2 3 3 3 1 1 1
 9 9 9 9 2 2 2 4 4 4 3 3 1 1 1
 9 9 9 9 9 3 4 4 4 5 5 5 5 1 1
 9 9 9 9 9 9 4 4 4 9 9 4 4 3 1
 9 9 9 9 9 9 9 4 9 9 9 9 5 4 4
 9 9 9 9 9 9 9 9 9 9 9 5 5 5 5
 9 9 9 9 9 9 9 9 9 9 0 0 0 0 5
 9 9 9 9 9 9 9 9 9 3 5 5 5 5 0
 9 9 9 9 9 9 9 9 9 9 4 4 5 5 0
 9 9 9 9 9 9 9 9 9 9 9 5 5 5 0
 9 9 9 9 9 9 9 9 9 9 9 9 5 5 0
 9 9 9 9 9 9 9 9 9 9 9 9 9 5 5
# Turn information for samurai of side 1 with weapon 2
# <turn>
449
# <cure period>
0
# Samurai states: <position x> <position y> <hiding>
14 10 1
13 4 1
7 3 1
12 1 0
-1 -1 1
-1 -1 1
# Battle field states
 9 9 9 9 9 2 2 3 3 3 9 9 1 1 5
 9 9 9 9 2 2 2 2 2 3 3 3 3 3 3
 9 9 9 2 2 2 2 2 2 3 3 3 3 1 1
 9 9 2 2 2 2 2 2 2 3 3 3 3 1 1
 9 9 9 2 2 2 2 2 2 5 5 5 5 1 1
 9 9 9 9 3 3 4 4 4 5 5 4 5 1 1
 9 9 9 9 9 3 4 4 4 5 5 5 5 4 1
 9 9 9 9 9 9 4 4 4 9 9 4 5 4 4
 9 9 9 9 9 9 9 4 9 9 9 5 5 5 5
 9 9 9 9 9 9 9 9 9 9 0 0 0 0 5
 9 9 9 9 9 9 9 9 9 3 0 0 0 0 0
 9 9 9 9 9 9 9 9 9 9 4 4 5 5 0
 9 9 9 9 9 9 9 9 9 9 9 5 5 5 0
 9 9 9 9 9 9 9 9 9 9 9 9 5 5 0
 9 9 9 9 9 9 9 9 9 9 9 9 9 5 5
# Turn information for samurai of side 1 with weapon 2
# <turn>
454
# <cure period>
0
# Samurai states: <position x> <position y> <hiding>
14 11 0
14 0 0
7 4 0
-1 -1 1
-1 -1 1
-1 -1 1
# Battle field states
 9 9 9 9 9 9 2 3 3 3 3 3 1 1 5
 9 9 9 9 9 2 2 2 2 3 3 3 3 3 3
 9 9 9 9 2 2 2 2 2 3 3 3 3 3 1
 9 9 9 2 2 2 2 2 2 3 3 3 3 3 1
 9 9 2 2 2 2 2 2 2 5 5 5 5 3 1
 9 9 9 3 3 3 2 2 2 5 5 4 9 9 1
 9 9 9 9 3 3 4 4 4 5 5 9 9 9 1
 9 9 9 9 9 3 4 4 4 5 9 9 9 4 4
 9 9 9 9 9 9 4 4 4 9 9 9 4 5 5
 9 9 9 9 9 9 9 4 9 9 9 4 0 0 5
 9 9 9 9 9 9 9 9 9 9 0 0 0 0 0
 9 9 9 9 9 9 9 9 9 3 0 0 0 0 0
 9 9 9 9 9 9 9 9 9 9 5 5 5 5 0
 9 9 9 9 9 9 9 9 9 9 9 5 5 5 0
 9 9 9 9 9 9 9 9 9 9 9 9 5 5 5
# Turn information for samurai of side 1 with weapon 2
# <turn>
461
# <cure period>
0
# Samurai states: <position x> <position y> <hiding>
14 12 1
14 0 0
7 5 1
14 1 0
-1 -1 1
-1 -1 1
# Battle field states
 9 9 9 9 9 9 9 3 9 3 3 3 1 1 5
 9 9 9 9 9 9 2 2 2 9 3 3 3 3 3
 9 9 9 9 9 2 2 2 2 3 9 3 3 3 3
 9 9 9 9 2 2 2 2 2 3 3 9 3 3 3
 9 9 9 2 2 2 2 2 2 5 5 5 9 3 3
 9 9 2 3 3 3 2 2 2 5 5 5 5 9 3
 9 9 9 3 3 3 2 2 2 5 5 5 9 9 9
 9 9 9 9 3 3 4 4 4 5 5 9 9 9 4
 9 9 9 9 9 3 4 4 4 4 9 9 9 4 5
 9 9 9 9 9 9 4 4 4 9 9 9 4 0 5
 9 9 9 9 9 9 9 4 9 9 9 4 0 0 0
 9 9 9 9 9 9 9 9 9 9 0 0 0 0 0
 9 9 9 9 9 9 9 9 9 5 0 0 0 0 0
 9 9 9 9 9 9 9 9 9 9 5 5 5 5 0
 9 9 9 9 9 9 9 9 9 9 9 5 5 5 5
# Turn information for samurai of side 1 with weapon 2
# <turn>
466
# <cure period>
0
# Samurai states: <position x> <position y> <hiding>
14 13 0
14 0 0
7 6 0
-1 -1 1
-1 -1 1
-1 -1 1
# Battle field states
 9 9 9 9 9 9 9 9 9 3 3 3 1 1 5
 9 9 9 9 9 9 9 2 9 9 3 3 3 3 3
 9 9 9 9 9 9 2 2 2 9 9 3 3 3 3
 9 9 9 9 9 2 2 2 2 3 9 9 3 3 3
 9 9 9 9 2 2 2 2 2 5 5 9 9 3 3
 9 9 9 3 3 3 2 2 2 5 5 5 9 9 3
 9 9 2 3 3 3 2 2 2 5 5 5 5 9 9
 9 9 9 3 3 3 2 2 2 5 5 5 9 9 9
 9 9 9 9 3 3 4 4 4 4 5 9 9 9 5
 9 9 9 9 9 3 4 4 4 4 9 9 9 4 5
 9 9 9 9 9 9 4 4 4 9 9 9 4 0 0
 9 9 9 9 9 9 9 4 9 9 9 4 0 0 0
 9 9 9 9 9 9 9 9 9 9 0 0 0 0 0
 9 9 9 9 9 9 9 9 9 3 0 0 0 0 0
 9 9 9 9 9 9 9 9 9 9 5 5 5 5 5
# Turn information for samurai of side 1 with weapon 2
# <turn>
473
# <cure period>
0
# Samurai states: <position x> <position y> <hiding>
14 14 0
14 0 0
7 7 1
13 2 0
-1 -1 1
-1 -1 1
# Battle field states
 9 9 9 9 9 9 9 9 9 3 3 3 1 3 5
 9 9 9 9 9 9 9 9 9 9 3 3 3 3 3
 9 9 9 9 9 9 9 2 9 9 9 3 3 3 3
 9 9 9 9 9 9 2 2 2 9 9 9 3 3 3
 9 9 9 9 9 2 2 2 2 5 9 9 9 3 3
 9 9 9 9 3 3 2 2 2 5 5 9 9 9 3
 9 9 9 3 3 3 2 2 2 5 5 5 9 9 9
 9 9 2 3 3 3 2 2 2 5 5 5 5 9 9
 9 9 9 3 3 3 2 2 2 4 5 5 9 9 9
 9 9 9 9 3 3 4 4 4 4 5 9 9 9 5
 9 9 9 9 9 3 4 4 4 4 9 9 9 0 0
 9 9 9 9 9 9 4 4 4 9 9 9 0 0 0
 9 9 9 9 9 9 9 4 9 9 9 4 0 0 0
 9 9 9 9 9 9 9 9 9 9 0 0 0 0 0
 9 9 9 9 9 9 9 9 9 5 0 0 0 0 5
# Turn information for samurai of side 1 with weapon 2
# <turn>
478
# <cure period>
0
# Samurai states: <position x> <position y> <hiding>
14 13 1
14 0 0
7 8 0
-1 -1 1
12 10 0
-1 -1 1
# Battle field states
 9 9 9 9 9 9 9 9 9 3 3 3 3 3 5
 9 9 9 9 9 9 9 9 9 9 3 3 3 3 3
 9 9 9 9 9 9 9 9 9 9 9 3 3 3 3
 9 9 9 9 9 9 9 2 9 9 9 9 3 3 3
 9 9 9 9 9 9 2 2 2 9 9 9 9 3 3
 9 9 9 9 9 3 2 2 2 5 9 9 9 9 3
 9 9 9 9 3 3 2 2 2 5 5 9 9 9 9
 9 9 9 3 3 3 2 2 2 5 5 5 9 9 9
 9 9 3 3 3 3 2 2 2 4 5 5 5 9 5
 9 9 9 3 3 3 2 2 2 4 5 5 9 4 5
 9 9 9 9 3 3 4 4 4 4 5 9 5 4 4
 9 9 9 9 9 3 4 4 4 3 9 4 4 4 0
 9 9 9 9 9 9 2 4 4 9 0 4 4 0 0
 9 9 9 9 9 9 9 4 9 3 0 0 0 0 0
 9 9 9 9 9 9 9 9 9 9 0 0 0 0 0
# Turn information for samurai of side 1 with weapon 2
# <turn>
485
# <cure period>
0
# Samurai states: <position x> <position y> <hiding>
13 13 0
14 0 0
7 9 1
11 2 0
-1 -1 1
-1 -1 1
# Battle field states
 9 9 9 9 9 9 9 9 9 3 3 3 1 1 5
 9 9 9 9 9 9 9 9 9 9 3 3 3 1 1
 9 9 9 9 9 9 9 9 9 9 9 3 3 3 1
 9 9 9 9 9 9 9 9 9 9 9 9 3 3 3
 9 9 9 9 9 9 9 2 9 9 9 9 9 3 3
 9 9 9 9 9 9 2 2 2 9 9 9 9 9 3
 9 9 9 9 9 3 2 2 2 5 9 9 9 9 9
 9 9 9 9 3 3 2 2 2 5 5 9 9 9 9
 9 9 9 3 3 3 2 2 2 4 5 5 9 4 9
 9 9 3 3 3 3 2 2 2 4 5 5 5 5 5
 9 9 9 3 3 3 2 2 2 4 5 5 5 5 4
 9 9 9 9 3 3 4 4 4 3 5 5 5 5 4
 9 9 9 9 9 4 2 4 4 5 0 4 4 4 0
 9 9 9 9 9 9 4 4 4 3 0 0 4 0 0
 9 9 9 9 9 9 9 4 9 5 0 0 0 0 0
# Turn information for samurai of side 1 with weapon 2
# <turn>
490
# <cure period>
0
# Samurai states: <position x> <position y> <hiding>
13 14 1
14 1 1
7 10 0
-1 -1 1
12 12 0
-1 -1 1
# Battle field states
 9 9 9 9 9 9 9 9 9 9 3 3 1 1 5
 9 9 9 9 9 9 9 9 9 3 3 3 1 1 1
 9 9 9 9 9 9 9 9 9 9 3 3 3 1 1
 9 9 9 9 9 9 9 9 9 9 9 3 3 3 1
 9 9 9 9 9 9 9 9 9 9 9 9 5 3 3
 9 9 9 9 9 9 9 2 9 9 9 9 9 3 3
 9 9 9 9 9 9 2 2 2 9 9 9 9 9 3
 9 9 9 9 9 3 2 2 2 5 9 9 9 9 9
 9 9 9 9 3 3 2 2 2 4 5 9 9 9 9
 9 9 9 3 3 3 2 2 2 4 5 5 9 0 9
 9 9 3 3 3 3 2 2 2 4 5 5 5 0 4
 9 9 9 3 3 3 2 2 2 3 5 5 5 0 4
 9 9 9 9 4 4 2 4 4 5 0 4 4 4 4
 9 9 9 9 9 4 4 4 4 3 0 0 4 4 0
 9 9 9 9 9 9 4 4 4 5 0 0 4 0 0
# Turn information for samurai of side 1 with weapon 2
# <turn>
497
# <cure period>
0
# Samurai states: <position x> <position y> <hiding>
12 14 0
14 2 0
7 11 1
11 4 0
-1 -1 1
9 14 0
# Battle field states
 9 9 9 9 9 9 9 9 9 9 9 3 1 1 5
 9 9 9 9 9 9 9 9 9 9 3 3 1 1 1
 9 9 9 9 9 9 9 9 9 3 3 3 1 1 1
 9 9 9 9 9 9 9 9 9 9 3 3 3 1 1
 9 9 9 9 9 9 9 9 9 9 9 5 5 3 1
 9 9 9 9 9 9 9 9 9 9 9 9 5 3 3
 9 9 9 9 9 9 9 2 9 9 9 9 9 4 3
 9 9 9 9 9 9 2 2 2 9 9 9 9 9 4
 9 9 9 9 9 3 2 2 2 4 9 9 9 9 9
 9 9 9 9 3 3 2 2 2 4 5 9 5 9 9
 9 9 9 3 3 3 2 2 2 4 5 5 0 5 9
 9 9 3 3 3 3 2 2 2 3 5 5 0 5 4
 9 9 9 4 4 4 2 2 2 5 0 5 0 5 4
 9 9 9 9 4 4 4 4 4 3 0 0 0 4 0
 9 9 9 9 9 4 4 4 4 5 0 0 4 0 0
# Turn information for samurai of side 1 with weapon 2
# <turn>
502
# <cure period>
0
# Samurai states: <position x> <position y> <hiding>
13 14 1
13 2 1
7 12 0
-1 -1 1
-1 -1 1
9 14 0
# Battle field states
 9 9 9 9 9 9 9 9 9 9 3 3 3 1 5
 9 9 9 9 9 9 9 9 9 3 3 3 3 1 1
 9 9 9 9 9 9 9 9 3 3 3 1 1 1 1
 9 9 9 9 9 9 9 9 9 3 3 3 1 1 1
 9 9 9 9 9 9 9 9 9 9 3 5 5 1 1
 9 9 9 9 9 9 9 9 9 9 9 5 5 3 3
 9 9 9 9 9 9 9 9 9 9 9 9 5 4 3
 9 9 9 9 9 9 9 2 9 9 9 9 9 4 9
 9 9 9 9 9 9 2 2 2 9 9 9 9 9 9
 9 9 9 9 9 3 2 2 2 4 9 9 9 0 9
 9 9 9 9 3 3 2 2 2 4 5 9 0 0 4
 9 9 9 3 3 3 2 2 2 3 5 5 0 0 4
 9 9 4 4 4 4 2 2 2 5 0 5 0 0 4
 9 9 9 4 4 4 2 2 2 3 0 0 0 0 0
 9 9 9 9 4 4 4 4 4 5 0 0 4 0 0
# Turn information for samurai of side 1 with weapon 2
# <turn>
509
# <cure period>
0
# Samurai states: <position x> <position y> <hiding>
14 14 0
14 0 0
7 13 1
13 4 0
-1 -1 1
9 14 0
# Battle field states
 9 9 9 9 9 9 9 9 9 3 3 3 3 3 5
 9 9 9 9 9 9 9 9 9 9 3 3 3 3 1
 9 9 9 9 9 9 9 9 9 9 9 1 1 3 1
 9 9 9 9 9 9 9 9 9 9 9 9 1 3 1
 9 9 9 9 9 9 9 9 9 9 9 9 9 1 1
 9 9 9 9 9 9 9 9 9 9 9 9 9 9 3
 9 9 9 9 9 9 9 9 9 9 9 9 9 9 9
 9 9 9 9 9 9 9 9 9 9 9 9 9 9 9
 9 9 9 9 9 9 9 2 9 9 9 9 9 9 9
 9 9 9 9 9 9 2 2 2 9 9 9 9 9 5
 9 9 9 9 9 3 2 2 2 4 9 9 9 0 0
 9 9 9 9 3 3 2 2 2 3 5 9 0 0 0
 9 9 9 4 4 4 2 2 2 5 0 5 0 0 0
 9 9 4 4 4 4 2 2 2 3 0 0 0 0 0
 9 9 9 4 4 4 2 2 2 5 0 0 4 0 0
