# <# turns> <side> <weapon> <width> <height> <cure period>
510 0 2 15 15 30
# Home positions
0 5
0 14
9 14
14 9
14 0
5 0
# Ranks and scores of samurai
2 40
5 24
3 31
1 80
0 93
4 28
# Turn information for samurai of side 0 with weapon 2
# <turn>
4
# <cure period>
0
# Samurai states: <position x> <position y> <hiding>
0 5 0
0 14 0
9 14 0
-1 -1 1
-1 -1 1
-1 -1 1
# Battle field states
 8 9 9 9 9 9 9 9 9 9 9 9 9 9 9
 8 8 9 9 9 9 9 9 9 9 9 9 9 9 9
 8 8 8 9 9 9 9 9 9 9 9 9 9 9 9
 8 8 8 8 9 9 9 9 9 9 9 9 9 9 9
 8 8 8 8 8 9 9 9 9 9 9 9 9 9 9
 8 8 8 8 8 8 9 9 9 9 9 9 9 9 9
 0 8 8 8 8 9 9 9 9 9 9 9 9 9 9
 0 8 8 8 9 9 9 9 9 9 9 9 9 9 9
 0 8 8 9 9 9 9 9 9 9 9 9 9 9 9
 0 8 9 9 9 9 9 9 9 8 9 9 9 9 9
 8 8 9 9 9 9 9 9 8 8 8 9 9 9 9
 8 8 8 9 9 9 9 8 8 8 8 8 9 9 9
 1 8 8 8 9 9 8 8 8 8 8 8 8 9 9
 1 1 8 8 8 8 8 8 8 8 8 8 8 8 9
 8 1 1 8 8 8 8 8 8 8 8 8 8 8 8
# Turn information for samurai of side 0 with weapon 2
# <turn>
11
# <cure period>
0
# Samurai states: <position x> <position y> <hiding>
0 6 1
1 14 1
9 13 0
-1 -1 1
-1 -1 1
-1 -1 1
# Battle field states
 9 9 9 9 9 9 9 9 9 9 9 9 9 9 9
 8 9 9 9 9 9 9 9 9 9 9 9 9 9 9
 8 8 9 9 9 9 9 9 9 9 9 9 9 9 9
 8 8 8 9 9 9 9 9 9 9 9 9 9 9 9
 8 8 8 8 9 9 9 9 9 9 9 9 9 9 9
 8 0 0 0 0 9 9 9 9 9 9 9 9 9 9
 0 8 8 8 8 8 9 9 9 9 9 9 9 9 9
 0 8 8 8 8 9 9 9 9 9 9 9 9 9 9
 0 8 8 8 9 9 9 9 9 8 9 9 9 9 9
 0 8 8 9 9 9 9 9 8 8 8 9 9 9 9
 8 8 8 9 9 9 9 8 8 8 8 8 9 9 9
 8 8 8 8 9 9 8 8 8 8 8 8 8 9 9
 1 1 8 8 8 8 8 8 2 2 2 8 8 8 9
 1 1 1 8 8 8 8 8 2 8 2 8 8 8 3
 8 1 1 1 8 8 8 8 2 8 2 8 8 8 9
# Turn information for samurai of side 0 with weapon 2
# <turn>
16
# <cure period>
0
# Samurai states: <position x> <position y> <hiding>
0 6 1
2 14 0
10 13 1
-1 -1 1
-1 -1 1
-1 -1 1
# Battle field states
 9 9 9 9 9 9 9 9 9 9 9 9 9 9 9
 8 9 9 9 9 9 9 9 9 9 9 9 9 9 9
 8 8 9 9 9 9 9 9 9 9 9 9 9 9 9
 8 8 8 9 9 9 9 9 9 9 9 9 9 9 9
 8 8 8 8 9 9 9 9 9 9 9 9 9 9 9
 8 0 0 0 0 9 9 9 9 9 9 9 9 9 9
 0 0 0 0 0 8 9 9 9 9 9 9 9 9 9
 0 8 8 8 8 9 9 9 9 9 9 9 9 9 9
 0 8 8 8 9 9 9 9 9 9 8 9 9 9 9
 0 8 8 9 9 9 9 9 9 8 8 8 9 9 9
 8 8 8 8 9 9 9 9 8 8 3 3 3 9 9
 8 8 8 8 8 9 9 8 8 8 8 8 8 8 9
 1 1 1 8 8 8 8 8 2 2 2 2 8 8 3
 1 1 1 1 8 8 8 8 2 2 2 2 8 8 3
 8 1 1 1 1 8 8 8 2 2 2 2 8 8 8
# Turn information for samurai of side 0 with weapon 2
# <turn>
23
# <cure period>
0
# Samurai states: <position x> <position y> <hiding>
0 7 0
3 14 1
11 13 0
14 11 0
-1 -1 1
-1 -1 1
# Battle field states
 9 9 9 9 9 9 9 9 9 9 9 9 9 9 9
 9 9 9 9 9 9 9 9 9 9 9 9 9 9 9
 8 9 9 9 9 9 9 9 9 9 9 9 9 9 9
 8 8 9 9 9 9 9 9 9 9 9 9 9 9 9
 8 8 8 9 9 9 9 9 9 9 9 9 9 9 9
 8 0 0 0 9 9 9 9 9 9 9 9 9 9 9
 0 0 0 0 0 9 9 9 9 9 9 9 9 9 9
 0 0 0 0 0 8 9 9 9 9 9 9 9 9 9
 0 8 8 8 8 9 9 9 9 9 9 8 9 9 9
 0 8 8 8 9 9 9 9 9 9 8 8 8 9 9
 8 8 8 8 8 9 9 9 9 8 3 3 3 3 9
 8 8 8 8 8 8 9 9 8 8 3 3 3 3 3
 1 1 1 1 8 8 8 8 2 2 2 2 2 8 3
 1 1 1 1 1 8 8 8 2 2 2 2 2 8 3
 8 1 1 1 1 1 8 8 2 2 2 2 2 8 8
# Turn information for samurai of side 0 with weapon 2
# <turn>
28
# <cure period>
0
# Samurai states: <position x> <position y> <hiding>
0 8 1
4 14 0
12 13 1
-1 -1 1
-1 -1 1
-1 -1 1
# Battle field states
 9 9 9 9 9 9 9 9 9 9 9 9 9 9 9
 9 9 9 9 9 9 9 9 9 9 9 9 9 9 9
 9 9 9 9 9 9 9 9 9 9 9 9 9 9 9
 8 9 9 9 9 9 9 9 9 9 9 9 9 9 9
 8 8 9 9 9 9 9 9 9 9 9 9 9 9 9
 8 0 0 9 9 9 9 9 9 9 9 9 9 9 9
 0 0 0 0 9 9 9 9 9 9 9 9 9 9 9
 0 0 0 0 0 9 9 9 9 9 9 9 9 9 9
 0 0 0 0 0 8 9 9 9 9 9 9 8 9 9
 0 8 8 8 8 9 9 9 9 9 9 8 8 8 9
 8 8 8 8 8 8 9 9 9 9 3 3 3 3 3
 8 8 8 8 8 8 8 9 9 8 3 3 3 3 3
 1 1 1 1 1 8 8 8 2 2 3 3 3 3 3
 1 1 1 1 1 1 8 8 2 2 2 2 2 2 3
 8 1 1 1 1 1 1 8 2 2 2 2 2 2 8
# Turn information for samurai of side 0 with weapon 2
# <turn>
35
# <cure period>
0
# Samurai states: <position x> <position y> <hiding>
0 9 0
5 14 1
13 13 0
14 9 0
-1 -1 1
-1 -1 1
# Battle field states
 9 9 9 9 9 9 9 9 9 9 9 9 9 9 9
 9 9 9 9 9 9 9 9 9 9 9 9 9 9 9
 9 9 9 9 9 9 9 9 9 9 9 9 9 9 9
 9 9 9 9 9 9 9 9 9 9 9 9 9 9 9
 8 9 9 9 9 9 9 9 9 9 9 9 9 9 9
 8 0 9 9 9 9 9 9 9 9 9 9 9 9 9
 0 0 0 9 9 9 9 9 9 9 9 9 9 9 9
 0 0 0 0 9 9 9 9 9 9 9 9 9 9 9
 0 0 0 0 0 9 9 9 9 9 9 9 9 8 9
 0 0 0 0 0 8 9 9 9 9 9 9 8 8 8
 8 8 8 8 8 8 8 9 9 9 9 3 3 3 3
 8 8 8 8 8 8 8 8 9 9 3 3 3 3 3
 1 1 1 1 1 1 8 8 2 2 3 3 2 2 2
 1 1 1 1 1 1 1 8 2 2 2 2 2 2 2
 8 1 1 1 1 1 1 1 2 2 2 2 2 2 2
# Turn information for samurai of side 0 with weapon 2
# <turn>
40
# <cure period>
0
# Samurai states: <position x> <position y> <hiding>
0 10 0
5 13 0
13 12 1
14 9 0
-1 -1 1
-1 -1 1
# Battle field states
 9 9 9 9 9 9 9 9 9 9 9 9 9 9 9
 9 9 9 9 9 9 9 9 9 9 9 9 9 9 9
 9 9 9 9 9 9 9 9 9 9 9 9 9 9 9
 9 9 9 9 9 9 9 9 9 9 9 9 9 9 9
 9 9 9 9 9 9 9 9 9 9 9 9 9 9 9
 8 9 9 9 9 9 9 9 9 9 9 9 9 9 9
 0 0 9 9 9 9 9 9 9 9 9 9 9 9 9
 0 0 0 9 9 9 9 9 9 9 9 9 9 4 9
 0 0 0 0 9 8 9 9 9 9 9 9 8 8 3
 0 0 0 0 0 8 8 9 9 9 9 8 8 8 8
 8 0 0 0 0 8 8 8 9 9 3 3 3 3 3
 8 8 8 8 8 1 8 8 8 8 3 3 2 2 2
 1 1 1 1 1 1 1 8 2 2 3 3 2 2 2
 1 1 1 1 1 1 1 1 2 2 2 2 2 2 2
 8 1 1 1 1 1 1 1 2 2 2 2 2 2 2
# Turn information for samurai of side 0 with weapon 2
# <turn>
47
# <cure period>
0
# Samurai states: <position x> <position y> <hiding>
0 11 0
5 12 1
13 11 0
14 9 0
-1 -1 1
-1 -1 1
# Battle field states
 9 9 9 9 9 9 9 9 9 9 9 9 9 9 9
 9 9 9 9 9 9 9 9 9 9 9 9 9 9 9
 9 9 9 9 9 9 9 9 9 9 9 9 9 9 9
 9 9 9 9 9 9 9 9 9 9 9 9 9 9 9
 9 9 9 9 9 9 9 9 9 9 9 9 9 9 9
 9 9 9 9 9 9 9 9 9 9 9 9 9 9 9
 0 9 9 9 9 9 9 9 9 9 9 9 9 4 9
 0 0 9 9 9 5 9 9 9 9 9 9 4 4 3
 0 0 0 9 5 5 5 9 9 9 9 8 8 4 3
 0 0 0 0 5 5 5 8 9 9 8 8 8 8 8
 8 0 0 0 0 1 8 8 8 8 3 3 2 2 2
 8 0 0 0 0 1 1 8 8 8 3 3 2 2 2
 1 1 1 1 1 1 1 1 2 2 3 3 2 2 2
 1 1 1 1 1 1 1 1 2 2 2 2 2 2 2
 8 1 1 1 1 1 1 1 2 9 9 2 2 2 2
# Turn information for samurai of side 0 with weapon 2
# <turn>
52
# <cure period>
0
# Samurai states: <position x> <position y> <hiding>
0 12 1
5 11 0
13 10 1
14 9 0
13 7 0
-1 -1 1
# Battle field states
 9 9 9 9 9 9 9 9 9 9 9 9 9 9 9
 9 9 9 9 9 9 9 9 9 9 9 9 9 9 9
 9 9 9 9 9 9 9 9 9 9 9 9 9 9 9
 9 9 9 9 9 9 9 9 9 9 9 9 9 9 9
 9 9 9 9 9 9 9 9 9 9 9 9 9 9 9
 9 9 9 9 9 9 9 9 9 9 9 9 9 4 9
 9 9 9 9 9 5 9 9 9 9 9 9 4 4 3
 0 9 9 9 5 5 5 9 9 9 9 4 4 4 3
 0 0 9 0 5 5 5 8 9 9 8 8 4 4 3
 0 0 0 0 5 1 5 8 8 8 8 8 2 4 2
 0 0 0 0 0 1 1 8 8 8 3 3 2 2 2
 0 0 0 0 0 1 1 1 8 8 3 3 2 2 2
 1 1 1 1 1 1 1 1 2 2 3 3 2 2 2
 1 1 1 1 1 1 1 1 2 9 9 2 2 2 2
 8 1 1 1 1 1 1 1 9 9 9 9 2 2 2
# Turn information for samurai of side 0 with weapon 2
# <turn>
59
# <cure period>
0
# Samurai states: <position x> <position y> <hiding>
0 12 1
0 14 0
12 10 0
14 9 0
-1 -1 1
-1 -1 1
# Battle field states
 9 9 9 9 9 9 9 9 9 9 9 9 9 9 9
 9 9 9 9 9 9 9 9 9 9 9 9 9 9 9
 9 9 9 9 9 9 9 9 9 9 9 9 9 9 9
 9 9 9 9 9 9 9 9 9 9 9 9 9 9 9
 9 9 9 9 9 9 9 9 9 9 9 9 9 9 9
 9 9 9 9 9 9 9 9 9 9 9 9 4 9 9
 9 9 9 9 9 9 9 9 9 9 9 4 4 4 9
 0 9 9 9 9 9 9 9 9 9 8 4 4 4 3
 0 0 9 9 9 9 9 9 9 8 8 4 4 4 3
 0 0 0 9 9 9 9 9 8 8 8 2 4 4 2
 0 0 0 0 9 9 9 5 8 8 3 2 2 4 2
 0 0 0 0 0 9 9 9 8 8 3 2 2 2 2
 1 0 0 0 0 1 9 9 9 2 3 3 2 2 2
 1 1 1 1 1 9 9 9 9 9 2 2 2 2 2
 8 1 1 1 1 1 9 9 9 9 9 2 2 2 9
# Turn information for samurai of side 0 with weapon 2
# <turn>
64
# <cure period>
0
# Samurai states: <position x> <position y> <hiding>
0 13 0
0 14 0
12 9 0
14 9 0
-1 -1 1
-1 -1 1
# Battle field states
 9 9 9 9 9 9 9 9 9 9 9 9 9 9 9
 9 9 9 9 9 9 9 9 9 9 9 9 9 9 9
 9 9 9 9 9 9 9 9 9 9 9 9 9 9 9
 9 9 9 9 9 9 9 9 9 9 9 9 9 9 9
 9 9 9 9 9 9 9 9 9 9 9 9 4 9 9
 9 9 9 9 9 9 9 9 9 9 9 4 4 4 9
 9 9 9 9 9 9 9 9 9 9 8 4 4 4 3
 9 9 9 9 9 9 9 9 9 8 8 4 4 4 3
 0 9 9 9 9 9 9 9 8 8 8 2 2 2 3
 0 0 9 9 9 9 9 5 8 8 8 2 4 2 2
 0 0 0 9 9 9 9 9 8 8 3 2 2 2 2
 0 0 0 0 9 9 9 9 9 8 3 2 2 2 2
 1 0 0 0 0 9 9 9 9 9 3 3 2 2 2
 1 0 0 0 0 1 9 9 9 9 9 2 2 2 9
 8 1 1 1 1 1 9 9 9 9 9 9 2 9 9
# Turn information for samurai of side 0 with weapon 2
# <turn>
71
# <cure period>
0
# Samurai states: <position x> <position y> <hiding>
1 13 1
0 14 0
12 8 1
14 9 0
-1 -1 1
-1 -1 1
# Battle field states
 9 9 9 9 9 9 9 9 9 9 9 9 9 9 9
 9 9 9 9 9 9 9 9 9 9 9 9 9 9 9
 9 9 9 9 9 9 9 9 9 9 9 9 9 9 9
 9 9 9 9 9 9 9 9 9 9 9 9 4 9 9
 9 9 9 9 9 9 9 9 9 9 9 4 4 4 9
 9 9 9 9 9 9 9 9 9 9 8 4 4 4 3
 9 9 9 9 9 9 9 9 9 8 8 4 4 4 3
 9 9 9 9 9 9 9 9 8 8 8 2 2 2 3
 9 0 9 9 9 9 9 5 8 8 8 2 2 2 3
 0 0 0 9 9 9 9 9 8 8 8 2 2 2 2
 0 0 0 0 9 9 9 9 9 8 3 2 2 2 2
 0 0 0 0 0 9 9 9 9 9 3 2 2 2 2
 0 0 0 0 0 5 9 9 9 9 9 3 2 2 9
 1 0 0 0 0 1 1 9 9 9 9 9 2 9 9
 8 1 1 1 1 1 9 9 9 9 9 9 9 9 9
# Turn information for samurai of side 0 with weapon 2
# <turn>
76
# <cure period>
0
# Samurai states: <position x> <position y> <hiding>
1 12 0
0 14 0
13 8 0
14 9 0
-1 -1 1
-1 -1 1
# Battle field states
 9 9 9 9 9 9 9 9 9 9 9 9 9 9 9
 9 9 9 9 9 9 9 9 9 9 9 9 9 9 9
 9 9 9 9 9 9 9 9 9 9 9 9 9 9 9
 9 9 9 9 9 9 9 9 9 9 9 9 9 4 9
 9 9 9 9 9 9 9 9 9 9 9 9 4 4 4
 9 9 9 9 9 9 9 9 9 9 9 4 4 4 3
 9 9 9 9 9 9 9 9 9 9 8 4 4 4 3
 9 0 9 9 9 9 9 9 9 8 8 2 2 2 2
 0 0 0 9 9 9 9 9 8 8 8 2 2 2 2
 0 0 0 0 9 9 9 9 9 8 8 2 2 2 2
 0 0 0 0 0 9 9 9 9 9 3 2 2 2 2
 0 0 0 0 0 5 9 9 9 9 9 2 2 2 2
 0 0 0 0 0 0 5 9 9 9 9 9 2 2 2
 1 0 0 0 0 1 9 9 9 9 9 9 9 2 9
 8 1 1 1 1 1 9 9 9 9 9 9 9 9 9
# Turn information for samurai of side 0 with weapon 2
# <turn>
83
# <cure period>
0
# Samurai states: <position x> <position y> <hiding>
2 12 1
0 14 0
13 7 1
14 9 0
-1 -1 1
-1 -1 1
# Battle field states
 9 9 9 9 9 9 9 9 9 9 9 9 9 9 9
 9 9 9 9 9 9 9 9 9 9 9 9 9 9 9
 9 9 9 9 9 9 9 9 9 9 9 9 9 4 9
 9 9 9 9 9 9 9 9 9 9 9 9 4 4 4
 9 9 9 9 9 9 9 9 9 9 9 4 4 4 4
 9 9 9 9 9 9 9 9 9 9 8 4 4 4 3
 9 9 9 9 9 9 9 9 9 8 8 4 2 2 2
 9 9 0 9 9 9 9 9 8 8 8 2 2 2 2
 9 0 0 0 9 9 9 9 9 8 8 2 2 2 2
 0 0 0 0 5 9 9 9 9 9 8 2 2 2 2
 0 0 0 0 0 5 9 9 9 9 9 2 2 2 2
 0 0 0 0 0 5 5 9 9 9 9 9 2 2 2
 0 0 0 0 0 0 0 5 9 9 9 9 9 2 9
 1 0 0 0 0 5 1 9 9 9 9 9 9 9 9
 8 1 1 1 1 1 9 9 9 9 9 9 9 9 9
# Turn information for samurai of side 0 with weapon 2
# <turn>
88
# <cure period>
0
# Samurai states: <position x> <position y> <hiding>
2 11 0
0 14 0
13 6 0
14 9 0
-1 -1 1
-1 -1 1
# Battle field states
 9 9 9 9 9 9 9 9 9 9 9 9 9 9 9
 9 9 9 9 9 9 9 9 9 9 9 9 9 4 9
 9 9 9 9 9 9 9 9 9 9 9 9 4 4 4
 9 9 9 9 9 9 9 9 9 9 9 4 4 4 4
 9 9 9 9 9 9 9 9 9 9 8 4 4 4 4
 9 9 9 9 9 9 9 9 9 8 8 4 2 2 2
 9 9 0 9 9 9 9 9 8 8 8 4 2 2 2
 9 0 0 0 9 9 9 9 9 8 8 2 2 2 2
 0 0 0 0 5 9 9 9 9 9 8 2 2 2 2
 0 0 0 0 5 5 9 9 9 9 9 2 2 2 2
 0 0 0 0 0 5 5 9 9 9 9 9 2 2 2
 0 0 0 0 0 0 0 5 9 9 9 9 9 2 9
 0 0 0 0 0 0 0 9 9 9 9 9 9 9 9
 1 0 0 0 0 5 9 9 9 9 9 9 9 9 9
 8 1 1 1 1 1 9 9 9 9 9 9 9 9 9
# Turn information for samurai of side 0 with weapon 2
# <turn>
95
# <cure period>
0
# Samurai states: <position x> <position y> <hiding>
2 10 1
0 13 1
13 5 1
14 9 0
-1 -1 1
-1 -1 1
# Battle field states
 9 9 9 9 9 9 9 9 9 9 9 9 9 4 9
 9 9 9 9 9 9 9 9 9 9 9 9 4 4 4
 9 9 9 9 9 9 9 9 9 9 9 4 4 4 4
 9 9 9 9 9 9 9 9 9 9 8 4 4 4 4
 9 9 9 9 9 9 9 9 9 8 8 4 2 2 2
 9 9 0 9 9 9 9 9 8 8 8 4 2 2 2
 9 0 0 0 9 9 9 9 9 8 8 4 2 2 2
 0 0 0 0 5 9 9 9 9 9 8 2 2 2 2
 0 0 0 0 5 5 9 9 9 9 9 2 2 2 2
 0 0 0 0 5 5 5 9 9 9 9 9 2 2 2
 0 0 0 0 0 0 0 5 9 9 9 9 9 2 9
 1 0 0 0 0 0 0 9 9 9 9 9 9 9 9
 1 1 0 0 0 0 9 9 9 9 9 9 9 9 9
 1 1 1 0 0 5 9 9 9 9 9 9 9 9 9
 8 1 1 1 1 9 9 9 9 9 9 9 9 9 9
# Turn information for samurai of side 0 with weapon 2
# <turn>
100
# <cure period>
0
# Samurai states: <position x> <position y> <hiding>
2 9 0
1 13 0
13 4 0
-1 -1 1
13 1 0
-1 -1 1
# Battle field states
 9 9 9 9 9 9 9 9 9 9 9 9 4 4 8
 9 9 9 9 9 9 9 9 9 9 9 4 4 4 4
 9 9 9 9 9 9 9 9 9 9 8 4 4 4 4
 9 9 9 9 9 9 9 9 9 8 8 4 2 4 2
 9 9 8 9 9 9 9 9 8 8 8 4 2 2 2
 9 0 0 0 9 9 9 9 9 8 8 4 2 2 2
 0 0 0 0 5 9 9 9 9 9 8 4 2 2 2
 0 0 0 0 5 5 9 9 9 9 9 2 2 2 2
 0 0 0 0 5 5 5 9 9 9 9 9 2 2 2
 0 0 0 0 0 0 0 5 9 9 9 9 9 2 9
 0 0 0 0 0 0 0 9 9 9 9 9 9 9 9
 1 1 0 0 0 0 9 9 9 9 9 9 9 9 9
 1 1 1 0 0 0 9 9 9 9 9 9 9 9 9
 1 1 1 1 0 5 1 9 9 9 9 9 9 9 9
 8 1 1 1 1 1 9 9 9 9 9 9 9 9 9
# Turn information for samurai of side 0 with weapon 2
# <turn>
107
# <cure period>
0
# Samurai states: <position x> <position y> <hiding>
2 8 1
2 13 1
12 4 1
-1 -1 1
-1 -1 1
-1 -1 1
# Battle field states
 9 9 9 9 9 9 9 9 9 9 9 4 4 4 9
 9 9 9 9 9 9 9 9 9 9 8 4 4 4 4
 9 9 9 9 9 9 9 9 9 8 8 4 4 4 4
 9 9 8 9 9 9 9 9 8 8 8 2 2 4 4
 9 8 8 8 9 9 9 8 8 8 8 2 2 4 2
 8 0 0 0 5 9 9 9 8 8 8 2 2 2 2
 0 0 0 0 5 5 9 9 9 8 8 4 2 2 2
 0 0 0 0 5 5 5 9 9 9 8 2 2 2 2
 0 0 0 0 0 0 0 5 9 9 9 2 2 2 9
 0 0 0 0 0 0 0 9 9 9 9 9 2 9 9
 0 0 0 0 0 0 9 9 9 9 9 9 9 9 9
 1 1 1 0 0 0 9 9 9 9 9 9 9 9 9
 1 1 1 1 0 0 0 9 9 9 9 9 9 9 9
 1 1 1 1 1 5 1 5 9 9 9 9 9 9 9
 8 1 1 1 1 1 1 9 9 9 9 9 9 9 9
# Turn information for samurai of side 0 with weapon 2
# <turn>
112
# <cure period>
0
# Samurai states: <position x> <position y> <hiding>
2 7 0
3 13 0
12 3 0
-1 -1 1
14 0 0
-1 -1 1
# Battle field states
 9 9 9 9 9 9 9 9 9 9 8 4 4 4 8
 9 9 9 9 9 9 9 9 9 8 8 4 4 4 4
 9 9 8 9 9 9 9 9 8 8 8 2 2 2 4
 9 8 8 8 9 9 9 8 8 8 8 2 2 2 4
 8 8 8 8 5 9 9 9 8 8 8 2 2 2 2
 8 0 0 0 5 5 9 9 9 8 8 2 2 2 3
 0 0 0 0 5 5 5 9 9 9 8 4 2 2 3
 0 0 0 0 0 0 0 5 9 9 9 2 2 2 9
 0 0 0 0 0 0 0 9 9 9 9 9 2 9 9
 0 0 0 0 0 0 9 9 9 9 9 9 9 9 9
 0 0 0 0 0 0 9 9 9 9 9 9 9 9 9
 1 1 1 1 0 0 0 9 9 9 9 9 9 9 9
 1 1 1 1 1 0 0 5 9 9 9 9 9 9 9
 1 1 1 1 1 1 1 5 2 9 9 9 9 9 9
 8 1 1 1 1 1 1 1 9 9 9 9 9 9 9
# Turn information for samurai of side 0 with weapon 2
# <turn>
119
# <cure period>
0
# Samurai states: <position x> <position y> <hiding>
2 6 1
3 12 1
13 3 1
-1 -1 1
14 0 0
-1 -1 1
# Battle field states
 9 9 9 9 9 9 9 9 9 9 9 4 4 4 8
 9 9 5 9 9 9 9 9 9 9 8 4 4 4 4
 9 8 8 8 9 9 9 9 9 8 8 2 2 2 2
 8 8 8 8 5 9 9 9 8 8 8 2 2 2 2
 8 8 8 8 5 5 9 9 9 8 8 2 2 2 2
 8 0 0 0 5 5 5 9 9 9 8 2 2 2 3
 0 0 0 0 0 0 0 8 9 9 9 4 2 2 3
 0 0 0 0 0 0 0 9 9 9 9 9 2 2 3
 0 0 0 0 0 0 9 9 9 9 9 9 9 2 9
 0 0 0 0 0 0 9 9 9 9 9 9 9 9 9
 0 0 0 1 0 0 0 9 9 9 9 9 9 9 9
 1 1 1 1 1 0 0 5 9 9 9 9 9 9 9
 1 1 1 1 1 1 0 5 2 9 9 9 9 9 9
 1 1 1 1 1 1 1 5 9 9 9 9 9 9 9
 8 1 1 1 1 1 1 9 9 9 9 9 9 9 9
# Turn information for samurai of side 0 with weapon 2
# <turn>
124
# <cure period>
0
# Samurai states: <position x> <position y> <hiding>
2 5 0
4 12 0
13 2 0
-1 -1 1
14 0 0
-1 -1 1
# Battle field states
 9 9 5 9 9 9 9 9 9 9 8 4 4 4 8
 9 8 0 5 9 9 9 9 9 8 8 4 2 2 2
 8 8 0 8 5 9 9 9 8 8 8 2 2 2 2
 8 8 0 8 5 5 9 9 9 8 8 2 2 2 2
 8 8 0 8 5 5 5 9 9 9 8 2 2 2 2
 8 0 0 0 5 5 5 8 9 9 9 2 2 2 3
 0 0 0 0 0 0 0 9 9 9 9 9 2 2 3
 0 0 0 0 0 0 9 9 9 9 9 9 9 2 9
 0 0 0 0 0 0 9 9 9 9 9 9 9 9 9
 9 0 0 0 0 0 0 9 9 9 9 9 9 9 9
 9 0 0 1 1 0 0 5 9 9 9 9 9 9 9
 1 1 1 1 1 1 0 5 8 9 9 9 9 9 9
 1 1 1 1 1 1 1 5 2 2 9 9 9 9 9
 1 1 1 1 1 1 1 5 2 9 9 9 9 9 9
 9 1 1 1 1 1 1 1 9 9 9 9 9 9 9
# Turn information for samurai of side 0 with weapon 2
# <turn>
131
# <cure period>
0
# Samurai states: <position x> <position y> <hiding>
3 5 1
5 12 1
13 1 1
-1 -1 1
14 0 0
2 1 0
# Battle field states
 9 9 9 5 9 9 9 9 9 8 8 4 2 2 2
 9 9 5 5 5 9 9 9 8 8 8 4 2 2 2
 9 5 5 5 5 5 9 9 9 8 8 2 2 2 2
 8 8 0 8 5 5 5 9 9 9 8 2 2 2 2
 8 8 0 8 5 5 5 8 9 9 9 2 2 2 2
 8 0 0 0 0 0 0 0 8 9 9 9 2 2 3
 0 0 0 0 0 0 0 8 9 9 9 9 9 2 9
 0 0 0 0 0 0 0 9 9 9 9 9 9 9 9
 9 0 0 0 0 0 0 9 9 9 9 9 9 9 9
 9 9 0 0 0 0 0 5 9 9 9 9 9 9 9
 9 9 0 1 1 1 0 5 8 9 9 9 9 9 9
 9 1 1 1 1 1 1 5 8 8 9 9 9 9 9
 1 1 1 1 1 1 1 1 2 2 3 9 9 9 9
 9 1 1 1 1 1 1 5 2 2 9 9 9 9 9
 9 9 1 1 1 1 1 1 2 9 9 9 9 9 9
# Turn information for samurai of side 0 with weapon 2
# <turn>
136
# <cure period>
0
# Samurai states: <position x> <position y> <hiding>
3 5 1
6 12 0
12 1 0
-1 -1 1
14 0 0
2 1 0
# Battle field states
 9 9 9 5 9 9 9 9 8 8 8 2 2 2 2
 9 9 5 0 5 9 9 8 8 8 8 2 2 2 2
 9 5 5 0 5 5 9 9 8 8 8 2 2 2 2
 8 8 0 0 5 5 5 9 9 8 8 2 2 3 2
 8 8 0 0 5 5 5 8 9 9 8 2 2 3 2
 8 0 0 0 0 0 0 0 8 9 9 2 2 3 9
 0 0 0 0 0 0 0 8 9 9 9 9 2 9 9
 0 0 0 0 0 0 0 9 9 9 9 9 9 9 9
 9 0 0 0 0 0 0 5 9 9 9 9 9 9 9
 9 9 0 0 0 0 0 5 8 9 9 9 9 9 9
 9 9 9 1 1 1 1 5 8 8 9 9 9 9 9
 9 9 1 1 1 1 1 1 8 8 3 9 9 9 9
 9 1 1 1 1 1 1 1 1 2 3 3 9 9 9
 9 9 1 1 1 1 1 5 2 2 2 9 9 9 9
 9 9 9 1 1 1 1 1 2 2 9 9 9 9 9
# Turn information for samurai of side 0 with weapon 2
# <turn>
143
# <cure period>
0
# Samurai states: <position x> <position y> <hiding>
4 5 0
7 12 1
11 1 1
-1 -1 1
14 0 0
2 3 0
# Battle field states
 9 9 9 9 5 9 9 8 8 8 2 2 2 2 2
 9 9 9 5 0 5 5 8 8 8 2 2 2 2 2
 9 9 5 5 0 5 5 8 8 8 2 2 2 2 2
 9 5 5 5 0 5 5 8 8 8 8 2 3 3 2
 8 5 5 5 0 5 5 8 8 8 8 2 3 3 9
 8 0 0 0 0 0 0 0 8 8 8 2 3 9 9
 0 0 0 0 0 0 0 8 8 9 9 4 9 9 9
 9 0 0 0 0 0 0 5 9 9 9 9 9 9 9
 9 9 0 0 0 0 0 5 8 9 9 9 9 9 9
 9 9 9 0 0 0 0 5 8 8 9 9 9 9 9
 9 9 9 9 1 1 1 1 8 8 3 9 9 9 9
 9 9 9 1 1 1 1 1 1 8 3 2 9 9 9
 9 9 1 1 1 1 1 1 1 1 3 3 2 9 9
 9 9 9 1 1 1 1 5 2 2 2 2 9 9 9
 9 9 9 9 1 1 1 1 2 2 2 9 9 9 9
# Turn information for samurai of side 0 with weapon 2
# <turn>
148
# <cure period>
0
# Samurai states: <position x> <position y> <hiding>
5 5 1
8 12 0
10 1 0
-1 -1 1
14 0 0
2 3 0
# Battle field states
 9 9 9 9 9 5 5 8 8 2 2 2 2 2 2
 9 9 9 9 0 0 5 8 8 2 2 2 2 2 2
 9 9 9 5 0 0 5 8 8 2 2 2 2 2 2
 9 9 5 5 0 0 5 8 8 8 8 2 3 3 9
 9 5 5 5 0 0 5 8 8 8 8 2 3 9 9
 8 0 0 0 0 0 0 0 8 8 8 2 9 9 9
 9 0 0 0 0 0 0 8 3 3 3 9 9 9 9
 9 9 0 0 0 0 0 5 8 9 9 9 9 9 9
 9 9 9 0 0 0 0 5 8 8 9 9 9 9 9
 9 9 9 9 0 0 0 5 8 8 3 9 9 9 9
 9 9 9 9 9 1 1 1 1 8 3 2 9 9 9
 9 9 9 9 1 1 1 1 1 1 3 2 2 9 9
 9 9 9 1 1 1 1 1 1 1 1 3 2 2 9
 9 9 9 9 1 1 1 5 2 2 2 2 2 9 9
 9 9 9 9 9 1 1 1 2 2 2 2 9 9 9
# Turn information for samurai of side 0 with weapon 2
# <turn>
155
# <cure period>
0
# Samurai states: <position x> <position y> <hiding>
6 5 0
9 12 1
9 1 1
-1 -1 1
-1 -1 1
2 5 0
# Battle field states
 9 9 9 9 9 5 5 8 2 2 2 2 2 2 9
 9 9 9 9 0 0 0 8 2 2 2 2 2 2 2
 9 9 9 9 0 0 0 8 2 2 2 2 2 2 9
 9 9 9 5 0 0 0 8 8 8 8 2 3 9 9
 9 9 5 5 0 0 0 8 8 8 8 2 9 9 9
 9 5 5 5 0 0 0 0 3 3 3 3 9 9 9
 9 9 5 5 0 0 0 8 3 3 3 9 9 9 9
 9 9 9 0 0 0 0 5 8 8 9 9 9 9 9
 9 9 9 9 0 0 0 5 8 8 3 9 9 9 9
 9 9 9 9 9 0 0 5 8 8 3 3 9 9 9
 9 9 9 9 9 9 1 1 1 1 3 2 2 9 9
 9 9 9 9 9 1 1 1 1 1 1 2 2 2 9
 9 9 9 9 1 1 1 1 1 1 1 1 2 2 3
 9 9 9 9 9 1 1 5 2 2 2 2 2 2 9
 9 9 9 9 9 9 1 1 2 2 2 2 2 9 9
# Turn information for samurai of side 0 with weapon 2
# <turn>
160
# <cure period>
0
# Samurai states: <position x> <position y> <hiding>
6 6 1
9 11 0
9 2 0
-1 -1 1
-1 -1 1
2 5 0
# Battle field states
 9 9 9 9 9 9 5 8 2 2 2 2 4 9 9
 9 9 9 9 9 0 0 8 2 2 2 2 2 4 9
 9 9 9 9 0 0 0 8 2 2 2 2 2 2 4
 9 9 9 9 0 0 0 8 2 2 2 2 3 3 9
 9 9 9 5 0 0 0 8 3 3 3 3 3 9 9
 9 9 5 5 0 0 0 0 3 3 3 3 9 9 9
 9 5 5 5 0 0 0 0 0 0 0 3 9 9 9
 9 9 0 0 0 0 0 5 8 8 3 9 9 9 9
 9 9 9 0 0 0 0 5 8 8 3 3 9 9 9
 9 9 9 9 0 0 0 5 8 1 3 3 3 9 9
 9 9 9 9 9 1 1 1 1 1 1 2 2 2 9
 9 9 9 9 1 1 1 1 1 1 1 1 2 2 3
 9 9 9 9 9 1 1 1 1 1 1 1 2 2 9
 9 9 9 9 9 9 1 5 2 2 2 2 2 9 9
 9 9 9 9 9 9 9 1 2 2 2 2 9 9 9
# Turn information for samurai of side 0 with weapon 2
# <turn>
167
# <cure period>
25
# Samurai states: <position x> <position y> <hiding>
6 7 0
9 10 1
9 14 0
-1 -1 1
-1 -1 1
2 7 0
# Battle field states
 9 9 9 9 9 9 9 9 9 9 9 9 9 9 9
 9 9 9 9 9 9 9 9 9 9 9 9 9 9 9
 9 9 9 9 9 9 0 9 9 9 9 9 9 9 9
 9 9 9 9 9 0 0 8 9 9 9 9 9 9 9
 9 9 9 9 0 0 0 8 2 9 9 9 9 9 9
 9 9 9 5 0 0 0 0 3 3 9 9 9 9 9
 9 9 5 5 0 0 0 0 0 0 0 9 9 9 9
 9 5 5 5 0 0 0 0 0 0 0 3 9 9 9
 9 9 5 5 0 0 0 5 8 1 3 3 3 9 9
 9 9 9 0 0 0 0 5 8 1 1 3 3 3 9
 9 9 9 9 1 1 1 1 1 1 1 1 2 2 3
 9 9 9 9 9 1 1 1 1 1 1 1 2 2 9
 9 9 9 9 9 9 1 1 1 1 1 1 2 9 9
 9 9 9 9 9 1 1 5 2 2 2 2 2 2 9
 9 9 9 9 1 1 1 1 2 2 2 2 2 2 2
# Turn information for samurai of side 0 with weapon 2
# <turn>
172
# <cure period>
20
# Samurai states: <position x> <position y> <hiding>
6 8 1
9 9 0
9 14 0
-1 -1 1
-1 -1 1
2 7 0
# Battle field states
 9 9 9 9 9 9 9 9 9 9 9 9 9 9 9
 9 9 9 9 9 9 9 9 9 9 9 9 9 9 9
 9 9 9 9 9 9 9 9 9 9 9 9 9 9 9
 9 9 9 9 9 9 0 9 9 9 9 9 9 9 9
 9 9 9 9 9 0 0 8 9 2 9 9 9 9 9
 9 9 9 9 0 0 0 0 3 3 3 9 9 9 9
 9 9 9 5 0 0 0 0 0 0 0 3 9 9 9
 9 9 5 5 0 0 0 0 0 1 0 3 3 9 9
 9 5 5 5 0 0 0 0 1 1 0 3 3 3 9
 9 9 0 0 0 0 0 1 1 1 1 3 3 3 2
 9 9 9 1 1 1 1 1 1 1 1 1 2 2 9
 9 9 9 9 1 1 1 1 1 1 1 1 2 9 9
 9 9 9 9 9 1 1 1 1 1 1 1 2 9 9
 9 9 9 9 9 1 1 5 2 2 2 2 2 2 9
 9 9 9 9 1 1 1 1 2 2 2 2 2 2 2
# Turn information for samurai of side 0 with weapon 2
# <turn>
179
# <cure period>
13
# Samurai states: <position x> <position y> <hiding>
5 8 0
10 9 1
9 14 0
-1 -1 1
-1 -1 1
-1 -1 1
# Battle field states
 9 9 9 9 9 9 9 9 9 9 9 9 9 9 9
 9 9 9 9 9 9 9 9 9 9 9 9 9 9 9
 9 9 9 9 9 9 9 9 9 9 9 9 9 9 9
 9 9 9 9 9 0 9 9 9 9 9 9 9 9 9
 9 9 9 9 0 0 0 9 9 9 2 9 9 9 9
 9 9 9 5 0 0 0 0 9 3 3 3 9 9 9
 9 9 5 5 0 0 0 0 0 0 0 3 3 9 9
 9 5 5 5 0 0 0 0 0 1 1 3 3 3 9
 0 0 0 0 0 0 0 0 1 1 1 1 3 3 3
 9 5 5 5 0 0 0 1 1 1 1 1 1 3 2
 9 9 0 1 1 1 1 1 1 1 1 1 2 2 3
 9 9 9 1 1 1 1 1 1 1 1 1 2 2 9
 9 9 9 9 1 1 1 1 1 1 1 1 2 9 9
 9 9 9 9 9 1 1 5 2 2 2 2 2 2 9
 9 9 9 9 1 1 1 1 2 2 2 2 2 2 2
# Turn information for samurai of side 0 with weapon 2
# <turn>
184
# <cure period>
8
# Samurai states: <position x> <position y> <hiding>
5 9 1
11 9 0
9 14 0
-1 -1 1
-1 -1 1
-1 -1 1
# Battle field states
 9 9 9 9 9 9 9 9 9 9 9 9 9 9 9
 9 9 9 9 9 9 9 9 9 9 9 9 9 9 9
 9 9 9 9 9 9 9 9 9 9 9 9 9 9 9
 9 9 9 9 9 9 9 9 9 9 9 9 9 9 9
 9 9 9 9 9 0 9 9 9 9 9 3 9 9 9
 9 9 9 9 0 0 0 9 9 9 3 3 3 9 9
 9 9 9 5 0 0 0 0 9 0 0 3 3 3 9
 9 9 5 5 0 0 0 0 0 1 1 1 3 3 3
 9 0 0 0 0 0 0 0 1 1 1 1 1 3 3
 0 0 0 0 0 0 0 1 1 1 1 1 1 1 2
 9 0 0 1 1 1 1 1 1 1 1 1 2 2 3
 9 9 1 1 1 1 1 1 1 1 1 1 2 2 3
 9 9 9 1 1 1 1 1 1 1 1 1 2 2 9
 9 9 9 9 1 1 1 5 2 2 2 2 2 2 9
 9 9 9 9 1 1 1 1 2 2 2 2 2 2 2
# Turn information for samurai of side 0 with weapon 2
# <turn>
191
# <cure period>
1
# Samurai states: <position x> <position y> <hiding>
5 9 1
11 8 1
9 14 0
-1 -1 1
-1 -1 1
-1 -1 1
# Battle field states
 9 9 9 9 9 9 9 9 9 9 9 9 9 9 9
 9 9 9 9 9 9 9 9 9 9 9 9 9 9 9
 9 9 9 9 9 9 9 9 9 9 9 9 9 9 9
 9 9 9 9 9 9 9 9 9 9 9 3 9 9 9
 9 9 9 9 9 0 9 9 9 9 2 4 4 9 9
 9 9 9 9 0 0 0 9 9 3 3 3 4 4 9
 9 9 9 5 0 0 0 0 0 0 0 1 3 4 4
 9 9 5 5 0 0 0 0 0 1 1 1 1 3 3
 9 0 0 0 0 0 0 0 1 1 1 1 1 1 3
 0 0 0 0 0 0 0 1 1 1 1 1 1 1 2
 9 0 0 1 1 0 1 1 1 1 1 1 2 2 3
 9 9 1 1 1 0 1 1 1 1 1 1 2 2 9
 9 9 9 1 1 0 1 1 1 1 1 1 2 9 9
 9 9 9 9 1 0 1 5 2 2 2 2 2 2 9
 9 9 9 9 1 1 1 1 2 2 2 2 2 2 2
# Turn information for samurai of side 0 with weapon 2
# <turn>
196
# <cure period>
0
# Samurai states: <position x> <position y> <hiding>
5 10 0
12 8 0
9 14 0
-1 -1 1
12 4 0
-1 -1 1
# Battle field states
 9 9 9 9 9 9 9 9 9 9 9 9 9 9 9
 9 9 9 9 9 9 9 9 9 9 9 9 9 9 9
 9 9 9 9 9 9 9 9 9 9 9 9 9 9 9
 9 9 9 9 9 9 9 9 9 9 9 9 4 9 9
 9 9 9 9 9 9 9 9 9 9 9 4 4 3 9
 9 9 9 9 9 0 9 9 9 9 3 3 4 3 4
 9 9 9 9 0 0 0 9 9 0 0 1 1 4 4
 9 9 9 5 0 0 0 0 0 1 1 1 1 1 3
 9 9 0 0 0 0 0 0 1 1 1 1 1 1 1
 9 0 0 0 0 0 0 1 1 1 1 1 1 1 2
 0 0 0 1 1 0 0 0 0 0 1 1 2 2 3
 9 1 1 1 1 0 1 1 1 1 1 1 2 2 3
 9 9 1 1 1 0 1 1 1 1 1 1 2 2 9
 9 9 9 1 1 0 1 5 2 2 2 2 2 2 9
 9 9 9 9 1 1 1 1 2 2 2 2 2 2 2
# Turn information for samurai of side 0 with weapon 2
# <turn>
203
# <cure period>
0
# Samurai states: <position x> <position y> <hiding>
5 11 1
12 7 1
8 14 1
-1 -1 1
-1 -1 1
-1 -1 1
# Battle field states
 9 9 9 9 9 9 9 9 9 9 9 9 9 9 9
 9 9 9 9 9 9 9 9 9 9 9 9 9 9 9
 9 9 9 9 9 9 9 9 9 9 9 9 4 9 9
 9 9 9 9 9 9 9 9 9 9 9 4 4 3 9
 9 9 9 9 9 9 9 9 9 9 4 4 4 4 4
 9 9 9 9 9 9 9 9 9 3 3 3 4 4 3
 9 9 9 9 9 0 9 9 0 0 0 1 4 1 4
 9 9 9 9 0 0 0 0 0 1 1 1 1 1 1
 9 9 9 0 0 0 0 0 1 1 1 1 1 1 1
 9 9 0 0 0 0 0 1 1 1 1 1 1 1 2
 9 0 0 1 1 0 0 0 0 0 1 1 2 2 3
 1 1 1 1 1 0 0 0 0 0 1 1 2 2 9
 9 1 1 1 1 0 1 1 1 1 1 1 2 9 9
 9 9 1 1 1 0 1 2 2 2 2 2 2 9 9
 9 9 9 1 1 1 1 2 2 2 2 2 2 2 9
# Turn information for samurai of side 0 with weapon 2
# <turn>
208
# <cure period>
0
# Samurai states: <position x> <position y> <hiding>
5 11 1
12 6 0
8 13 0
-1 -1 1
-1 -1 1
-1 -1 1
# Battle field states
 9 9 9 9 9 9 9 9 9 9 9 9 9 9 9
 9 9 9 9 9 9 9 9 9 9 9 9 3 9 9
 9 9 9 9 9 9 9 9 9 9 9 3 4 3 9
 9 9 9 9 9 9 9 9 9 9 3 4 4 3 3
 9 9 9 9 9 9 9 9 9 2 4 4 1 4 3
 9 9 9 9 9 9 9 9 3 3 3 3 1 1 4
 9 9 9 9 9 0 9 0 0 0 0 1 4 1 1
 9 9 9 9 0 0 0 9 0 1 1 1 1 4 1
 9 9 9 0 0 0 0 0 1 1 1 1 1 1 1
 9 9 0 0 0 0 0 1 1 1 1 1 1 1 2
 9 0 0 1 1 0 0 0 0 0 1 1 2 2 9
 1 0 0 0 0 0 0 0 0 0 1 1 2 9 9
 9 1 1 1 1 0 1 2 2 2 1 1 2 9 9
 9 9 1 1 1 0 1 2 2 2 2 2 2 2 9
 9 9 9 1 1 1 1 2 2 2 2 2 2 9 9
# Turn information for samurai of side 0 with weapon 2
# <turn>
215
# <cure period>
0
# Samurai states: <position x> <position y> <hiding>
5 12 0
12 5 1
8 12 1
-1 -1 1
-1 -1 1
-1 -1 1
# Battle field states
 9 9 9 9 9 9 9 9 9 9 9 9 4 9 9
 9 9 9 9 9 9 9 9 9 9 9 3 3 4 9
 9 9 9 9 9 9 9 9 9 9 3 3 4 3 3
 9 9 9 9 9 9 9 9 9 3 3 4 1 3 3
 9 9 9 9 9 9 9 9 2 2 4 1 1 4 3
 9 9 9 9 9 9 9 0 3 3 1 1 1 1 3
 9 9 9 9 9 9 9 9 0 0 0 1 4 1 3
 9 9 9 9 9 0 9 9 0 1 1 1 1 4 3
 9 9 9 9 0 0 0 0 1 1 1 1 1 1 1
 9 9 9 0 0 0 0 1 1 1 1 1 1 1 9
 9 9 0 1 1 0 0 0 0 0 1 1 2 9 9
 9 0 0 0 0 0 0 2 2 2 1 1 2 9 9
 1 1 1 1 1 0 0 0 0 0 1 1 2 2 9
 9 1 1 1 1 0 1 2 2 2 2 2 2 9 9
 9 9 1 1 1 1 1 2 2 2 2 2 9 9 9
# Turn information for samurai of side 0 with weapon 2
# <turn>
220
# <cure period>
0
# Samurai states: <position x> <position y> <hiding>
5 13 1
13 5 0
8 11 0
14 9 0
-1 -1 1
-1 -1 1
# Battle field states
 9 9 9 9 9 9 9 9 9 9 9 9 9 4 9
 9 9 9 9 9 9 9 9 9 9 9 9 3 4 4
 9 9 9 9 9 9 9 9 9 9 9 3 4 3 3
 9 9 9 9 9 9 9 9 9 9 3 4 1 1 3
 9 9 9 9 9 9 9 9 9 2 3 3 3 1 1
 9 9 9 9 9 9 9 9 3 3 1 1 1 1 1
 9 9 9 9 9 9 9 9 0 0 0 1 4 1 3
 9 9 9 9 9 9 9 0 0 1 1 1 1 4 3
 9 9 9 9 9 0 0 0 1 1 1 1 1 1 1
 9 9 9 9 0 0 0 1 1 1 1 1 1 1 2
 9 9 9 1 1 0 0 2 2 2 1 1 2 2 9
 9 9 0 0 0 0 0 2 2 2 1 1 2 2 9
 9 0 0 0 0 0 0 2 2 2 1 1 2 9 9
 1 1 1 1 1 0 1 2 2 2 2 2 9 9 9
 9 1 1 1 1 1 1 2 2 2 2 9 9 9 9
# Turn information for samurai of side 0 with weapon 2
# <turn>
227
# <cure period>
0
# Samurai states: <position x> <position y> <hiding>
5 13 1
13 6 1
9 11 1
14 9 0
-1 -1 1
-1 -1 1
# Battle field states
 9 9 9 9 9 9 9 9 9 9 9 9 9 9 9
 9 9 9 9 9 9 9 9 9 9 9 9 9 4 9
 9 9 9 9 9 9 9 9 9 9 9 9 4 3 3
 9 9 9 9 9 9 9 9 9 9 9 4 1 1 3
 9 9 9 9 9 9 9 9 9 9 3 3 3 1 1
 9 9 9 9 9 9 9 9 9 3 1 1 1 1 1
 9 9 9 9 9 9 9 9 0 0 0 1 4 1 1
 9 9 9 9 9 9 9 9 0 1 1 1 1 1 1
 9 9 9 9 9 0 9 0 1 1 1 1 1 1 1
 9 9 9 9 0 0 0 1 1 1 1 1 1 1 2
 9 9 9 1 1 0 0 2 2 2 2 1 2 2 3
 9 9 0 0 0 0 0 2 2 2 2 1 2 2 3
 9 0 0 0 0 0 0 2 2 2 2 1 2 2 9
 1 1 1 1 1 0 0 0 0 0 2 2 2 9 9
 9 1 1 1 1 1 1 2 2 2 2 2 9 9 9
# Turn information for samurai of side 0 with weapon 2
# <turn>
232
# <cure period>
0
# Samurai states: <position x> <position y> <hiding>
5 13 1
12 6 0
10 11 0
14 9 0
-1 -1 1
-1 -1 1
# Battle field states
 9 9 9 9 9 9 9 9 9 9 9 9 9 9 9
 9 9 9 9 9 9 9 9 9 9 9 9 3 9 9
 9 9 9 9 9 9 9 9 9 9 9 3 4 3 9
 9 9 9 9 9 9 9 9 9 9 3 4 1 1 3
 9 9 9 9 9 9 9 9 9 2 3 3 1 1 1
 9 9 9 9 9 9 9 9 3 3 1 1 1 1 1
 9 9 9 9 9 9 9 0 0 0 1 1 4 1 1
 9 9 9 9 9 9 9 9 0 1 1 1 1 1 1
 9 9 9 9 9 0 9 9 1 1 1 1 1 1 1
 9 9 9 9 0 0 0 1 1 1 1 1 1 1 2
 9 9 9 1 1 0 0 2 2 2 2 2 2 2 3
 9 9 0 0 0 0 0 2 2 2 2 2 2 2 3
 9 0 0 0 0 0 0 2 2 2 2 2 2 2 3
 1 0 0 0 0 0 0 0 0 0 2 2 2 2 9
 9 1 1 1 1 1 1 2 2 2 2 2 2 9 9
# Turn information for samurai of side 0 with weapon 2
# <turn>
239
# <cure period>
0
# Samurai states: <position x> <position y> <hiding>
5 14 0
11 6 1
10 10 1
14 9 0
-1 -1 1
-1 -1 1
# Battle field states
 9 9 9 9 9 9 9 9 9 9 9 9 9 9 9
 9 9 9 9 9 9 9 9 9 9 9 3 9 9 9
 9 9 9 9 9 9 9 9 9 9 3 3 4 9 9
 9 9 9 9 9 9 9 9 9 3 3 4 1 1 9
 9 9 9 9 9 9 9 9 2 2 3 1 1 1 1
 9 9 9 9 9 9 9 0 3 3 1 1 1 1 1
 9 9 9 9 9 9 5 0 0 0 1 1 1 1 1
 9 9 9 9 9 9 9 0 0 1 1 1 1 1 1
 9 9 9 9 9 9 9 0 1 1 1 1 1 1 1
 9 9 9 9 9 0 0 1 1 2 2 2 1 1 2
 9 9 9 9 1 0 0 2 2 2 2 2 2 2 3
 9 9 9 0 0 0 0 2 2 2 2 2 2 2 3
 9 9 0 0 0 0 0 2 2 2 2 2 2 2 9
 9 0 0 0 0 0 0 0 0 0 2 2 2 9 9
 8 0 0 0 0 1 1 2 2 2 2 2 9 9 9
# Turn information for samurai of side 0 with weapon 2
# <turn>
244
# <cure period>
0
# Samurai states: <position x> <position y> <hiding>
4 14 1
11 5 0
10 9 0
14 9 0
-1 -1 1
-1 -1 1
# Battle field states
 9 9 9 9 9 9 9 9 9 9 9 3 9 9 9
 9 9 9 9 9 9 9 9 9 9 3 3 4 9 9
 9 9 9 9 9 9 9 9 9 3 3 3 4 4 9
 9 9 9 9 9 9 9 9 3 3 3 1 1 4 4
 9 9 9 9 9 9 9 8 2 2 1 1 1 1 4
 9 9 9 9 9 9 5 0 3 1 1 1 1 1 1
 9 9 9 9 9 9 9 0 0 0 1 1 1 1 1
 9 9 9 9 9 9 9 0 0 1 1 1 1 1 1
 9 9 9 9 9 9 0 0 1 2 2 2 1 1 1
 9 9 9 9 0 0 0 1 1 2 2 2 1 1 2
 9 9 9 1 1 0 0 2 2 2 2 2 2 2 3
 9 9 0 0 0 0 0 2 2 2 2 2 2 2 9
 9 0 0 0 0 0 0 2 2 2 2 2 2 9 9
 1 0 0 0 0 0 0 0 0 0 2 2 9 9 9
 8 0 0 0 0 0 0 0 0 2 2 9 9 9 9
# Turn information for samurai of side 0 with weapon 2
# <turn>
251
# <cure period>
0
# Samurai states: <position x> <position y> <hiding>
4 14 1
11 4 1
11 9 1
14 9 0
-1 -1 1
-1 -1 1
# Battle field states
 9 9 9 9 9 9 9 9 9 9 3 3 4 9 9
 9 9 9 9 9 9 9 9 9 3 3 3 4 4 9
 9 9 9 9 9 9 9 9 3 3 3 1 4 4 4
 9 9 9 9 9 9 9 8 3 3 1 1 4 4 4
 9 9 9 9 9 9 5 8 2 1 1 1 1 4 4
 9 9 9 9 9 9 9 0 3 1 1 1 1 1 4
 9 9 9 9 9 9 9 9 0 0 1 1 1 1 1
 9 9 9 9 9 9 9 9 0 1 1 1 1 1 1
 9 9 9 9 9 9 9 0 1 2 2 2 2 1 1
 9 9 9 9 5 9 5 1 1 2 2 2 2 1 2
 9 9 9 1 0 0 9 2 2 2 2 2 2 2 3
 9 9 0 0 0 0 0 9 2 2 2 2 2 2 3
 9 0 0 0 0 0 0 2 9 2 2 2 2 2 9
 1 0 0 0 0 0 0 0 0 9 2 2 2 9 9
 8 0 0 0 0 0 0 0 0 2 9 2 9 9 9
# Turn information for samurai of side 0 with weapon 2
# <turn>
256
# <cure period>
27
# Samurai states: <position x> <position y> <hiding>
4 13 0
12 4 0
9 14 0
-1 -1 1
-1 -1 1
-1 -1 1
# Battle field states
 9 9 9 9 9 9 9 9 9 9 9 3 4 4 9
 9 9 9 9 9 9 9 9 9 9 3 3 4 4 4
 9 9 9 9 9 9 9 9 9 3 3 1 1 4 4
 9 9 9 9 9 9 9 9 3 3 1 1 1 1 4
 9 9 9 9 9 9 9 8 2 1 1 1 4 1 1
 9 9 9 9 9 9 9 9 3 1 1 1 1 4 4
 9 9 9 9 9 9 9 9 9 0 1 1 1 1 4
 9 9 9 9 9 9 9 9 9 9 1 1 1 1 1
 9 9 9 9 5 9 9 9 9 9 9 2 2 2 9
 9 9 9 0 0 5 9 9 9 2 9 9 3 9 9
 9 9 0 1 0 0 0 9 2 2 2 9 9 9 9
 9 0 0 0 0 0 0 2 2 2 2 2 9 9 9
 1 0 0 0 0 0 0 2 2 2 2 2 2 9 9
 1 0 0 0 0 0 0 0 0 0 2 2 2 2 9
 8 0 0 0 0 0 0 0 0 2 2 2 2 2 2
# Turn information for samurai of side 0 with weapon 2
# <turn>
263
# <cure period>
20
# Samurai states: <position x> <position y> <hiding>
4 12 1
12 5 1
9 14 0
-1 -1 1
-1 -1 1
4 9 0
# Battle field states
 9 9 9 9 9 9 9 9 9 9 9 9 4 9 9
 9 9 9 9 9 9 9 9 9 9 9 3 4 4 9
 9 9 9 9 9 9 9 9 9 9 3 1 1 4 4
 9 9 9 9 9 9 9 9 9 3 1 1 1 1 4
 9 9 9 9 9 9 9 9 2 1 1 1 1 1 1
 9 9 9 9 9 9 9 0 3 1 1 1 1 1 1
 9 9 9 9 9 9 9 9 0 0 1 1 1 1 4
 9 9 9 9 5 9 9 9 9 1 1 1 1 1 1
 9 9 9 5 5 5 9 9 9 9 2 2 2 2 1
 9 9 0 0 0 5 5 9 9 2 9 3 3 3 9
 9 0 0 5 5 5 5 2 2 2 3 9 3 9 9
 1 0 0 0 0 0 0 2 2 2 2 2 9 9 9
 1 0 0 0 0 0 0 2 2 2 2 2 2 9 9
 1 0 0 0 0 0 0 0 0 0 2 2 2 2 9
 9 0 0 0 0 0 0 0 0 2 2 2 2 2 2
# Turn information for samurai of side 0 with weapon 2
# <turn>
268
# <cure period>
15
# Samurai states: <position x> <position y> <hiding>
5 12 0
12 6 0
9 14 0
-1 -1 1
-1 -1 1
4 9 0
# Battle field states
 9 9 9 9 9 9 9 9 9 9 9 9 9 9 9
 9 9 9 9 9 9 9 9 9 9 9 9 4 9 9
 9 9 9 9 9 9 9 9 9 9 9 1 1 4 9
 9 9 9 9 9 9 9 9 9 9 1 1 1 1 4
 9 9 9 9 9 9 9 9 9 1 1 1 1 1 1
 9 9 9 9 9 9 9 9 3 1 1 1 1 1 1
 9 9 9 9 9 9 9 0 0 0 1 1 1 1 1
 9 9 9 9 9 5 9 9 0 1 1 1 1 1 1
 9 9 9 9 5 0 5 9 9 2 2 2 1 2 1
 9 9 9 0 0 0 5 1 9 2 3 3 3 3 2
 9 9 0 5 5 0 5 2 2 2 3 3 3 3 9
 9 0 0 0 0 0 0 2 2 2 3 3 3 9 9
 1 0 0 0 0 0 0 2 2 2 2 2 2 9 9
 9 0 0 0 0 0 0 0 0 0 2 2 2 2 9
 9 9 0 0 0 0 0 0 0 2 2 2 2 2 2
# Turn information for samurai of side 0 with weapon 2
# <turn>
275
# <cure period>
8
# Samurai states: <position x> <position y> <hiding>
4 12 1
12 7 1
9 14 0
-1 -1 1
-1 -1 1
-1 -1 1
# Battle field states
 9 9 9 9 9 9 9 9 9 9 9 9 9 9 9
 9 9 9 9 9 9 9 9 9 9 9 9 9 9 9
 9 9 9 9 9 9 9 9 9 9 9 9 1 9 9
 9 9 9 9 9 9 9 9 9 9 9 1 1 1 9
 9 9 9 9 9 9 9 9 9 9 1 1 1 1 1
 9 9 9 9 9 9 9 9 9 1 1 1 1 1 1
 9 9 9 9 9 9 9 9 0 0 1 1 1 1 1
 9 9 9 9 5 9 9 0 0 1 1 1 1 1 1
 9 9 9 5 0 0 9 9 1 2 2 2 1 1 1
 9 9 0 5 0 5 5 9 9 2 3 3 1 3 2
 9 0 0 5 0 5 5 2 2 2 3 3 3 3 3
 1 0 0 5 0 5 0 2 2 2 3 3 3 3 9
 1 0 0 0 0 0 0 2 2 2 3 3 3 9 9
 1 0 0 0 0 0 0 0 0 0 2 2 2 2 9
 9 0 0 0 0 0 0 0 0 2 2 2 2 2 2
# Turn information for samurai of side 0 with weapon 2
# <turn>
280
# <cure period>
3
# Samurai states: <position x> <position y> <hiding>
3 12 0
12 8 0
9 14 0
-1 -1 1
-1 -1 1
-1 -1 1
# Battle field states
 9 9 9 9 9 9 9 9 9 9 9 9 9 9 9
 9 9 9 9 9 9 9 9 9 9 9 9 9 9 9
 9 9 9 9 9 9 9 9 9 9 9 9 9 9 9
 9 9 9 9 9 9 9 9 9 9 9 9 1 9 9
 9 9 9 9 9 9 9 9 9 9 9 1 1 1 9
 9 9 9 9 9 9 9 9 9 9 1 1 1 1 1
 9 9 9 9 9 9 9 9 9 0 1 1 1 1 1
 9 9 9 5 9 9 9 9 0 1 1 1 1 1 1
 9 9 0 0 0 9 9 0 1 2 1 1 1 1 1
 9 0 0 0 0 5 9 9 1 2 3 1 1 3 2
 0 0 0 0 0 5 5 9 2 2 3 3 1 3 3
 1 0 0 0 0 5 0 2 2 2 3 3 3 3 3
 1 0 0 0 0 0 0 2 2 2 3 3 3 3 9
 1 0 0 0 0 0 0 0 0 0 3 3 3 3 9
 8 0 0 0 0 0 0 0 0 2 2 2 2 2 2
# Turn information for samurai of side 0 with weapon 2
# <turn>
287
# <cure period>
0
# Samurai states: <position x> <position y> <hiding>
3 11 1
12 9 1
9 14 0
14 14 0
-1 -1 1
-1 -1 1
# Battle field states
 9 9 9 9 9 9 9 9 9 9 9 9 9 9 9
 9 9 9 9 9 9 9 9 9 9 9 9 9 9 9
 9 9 9 9 9 9 9 9 9 9 9 9 9 9 9
 9 9 9 9 9 9 9 9 9 9 9 9 9 9 9
 9 9 9 9 9 9 9 9 9 9 9 9 1 9 9
 9 9 9 9 9 9 9 9 9 9 9 1 1 1 9
 9 9 9 5 9 9 9 9 9 9 1 1 1 1 1
 9 9 5 5 5 9 9 9 9 1 1 1 1 1 1
 9 0 0 0 0 0 9 9 1 2 1 1 1 1 1
 0 0 0 0 0 5 5 1 1 2 3 1 1 1 1
 0 0 0 0 0 5 5 2 2 2 3 3 1 1 3
 1 0 0 0 0 0 0 0 2 2 3 3 1 3 3
 1 0 0 0 0 0 0 2 2 2 3 3 3 3 3
 1 0 0 0 0 0 0 0 0 0 3 3 3 3 9
 9 0 0 0 0 0 0 0 0 2 3 3 3 3 2
# Turn information for samurai of side 0 with weapon 2
# <turn>
292
# <cure period>
0
# Samurai states: <position x> <position y> <hiding>
3 10 0
11 9 0
9 13 1
-1 -1 1
-1 -1 1
-1 -1 1
# Battle field states
 9 9 9 9 9 9 9 9 9 9 9 9 9 9 9
 9 9 9 9 9 9 9 9 9 9 9 9 9 9 9
 9 9 9 9 9 9 9 9 9 9 9 9 9 9 9
 9 9 9 9 9 9 9 9 9 9 9 9 9 9 9
 9 9 9 9 9 9 9 9 9 9 9 1 9 9 9
 9 9 9 5 9 9 9 9 9 9 1 1 1 9 9
 9 9 5 5 5 9 9 9 9 0 1 1 1 1 9
 9 5 5 5 5 5 9 9 0 1 1 1 1 1 1
 0 0 0 0 0 0 5 0 1 2 1 1 1 1 1
 0 0 0 0 0 5 5 1 1 1 1 1 1 1 1
 0 0 0 0 0 0 0 0 2 2 1 1 1 1 3
 1 0 0 0 0 0 0 0 2 2 3 1 1 3 3
 1 0 0 0 0 0 0 2 2 2 2 3 3 3 9
 9 0 0 0 0 0 0 0 2 0 2 3 3 3 3
 9 9 0 0 0 0 0 0 2 2 3 3 3 3 9
# Turn information for samurai of side 0 with weapon 2
# <turn>
299
# <cure period>
25
# Samurai states: <position x> <position y> <hiding>
3 9 1
11 10 1
9 14 0
13 13 0
-1 -1 1
-1 -1 1
# Battle field states
 9 9 9 9 9 9 9 9 9 9 9 9 9 9 9
 9 9 9 9 9 9 9 9 9 9 9 9 9 9 9
 9 9 9 9 9 9 9 9 9 9 9 9 9 9 9
 9 9 9 9 9 9 9 9 9 9 9 9 9 9 9
 9 9 9 5 9 9 9 9 9 9 9 9 9 9 9
 9 9 5 0 5 9 9 9 9 9 9 1 9 9 9
 9 5 5 0 5 5 9 9 9 9 1 1 1 9 9
 0 5 5 0 5 5 5 9 9 1 1 1 1 1 9
 0 0 0 0 0 0 5 0 1 2 1 1 1 1 1
 0 0 0 0 0 5 5 1 1 1 1 1 1 1 1
 0 0 0 0 0 0 0 0 2 1 1 1 1 1 3
 1 0 0 0 0 0 0 0 2 2 1 1 1 3 3
 9 0 0 0 0 0 0 2 2 2 2 1 3 3 3
 9 9 0 0 0 0 0 0 2 3 3 3 3 3 9
 9 9 9 0 0 0 0 0 2 2 2 2 3 3 2
# Turn information for samurai of side 0 with weapon 2
# <turn>
304
# <cure period>
20
# Samurai states: <position x> <position y> <hiding>
4 9 0
12 10 0
9 14 0
-1 -1 1
-1 -1 1
-1 -1 1
# Battle field states
 9 9 9 9 9 9 9 9 9 9 9 9 9 9 9
 9 9 9 9 9 9 9 9 9 9 9 9 9 9 9
 9 9 9 9 9 9 9 9 9 9 9 9 9 9 9
 9 9 9 9 9 9 9 9 9 9 9 9 9 9 9
 9 9 9 9 5 9 9 9 9 9 9 9 9 9 9
 9 9 9 0 0 5 9 9 9 9 9 9 1 9 9
 9 9 5 0 0 5 5 9 9 9 9 1 1 1 9
 9 5 5 0 0 5 5 0 9 9 1 1 1 1 1
 0 0 0 0 0 0 5 0 1 2 1 1 1 3 1
 0 0 0 0 0 5 5 1 1 1 1 1 1 3 1
 0 0 0 0 0 0 0 0 2 1 1 1 1 1 1
 9 0 0 0 0 0 0 0 2 2 1 1 1 1 3
 9 9 0 0 0 0 0 2 2 2 2 1 1 3 3
 9 9 9 0 0 0 0 0 2 3 3 3 3 3 3
 9 9 9 9 0 0 0 0 2 2 2 2 3 3 2
# Turn information for samurai of side 0 with weapon 2
# <turn>
311
# <cure period>
13
# Samurai states: <position x> <position y> <hiding>
5 9 0
0 14 0
9 14 0
12 12 0
-1 -1 1
-1 -1 1
# Battle field states
 9 9 9 9 9 9 9 9 9 9 9 9 9 9 9
 9 9 9 9 9 9 9 9 9 9 9 9 9 9 9
 9 9 9 9 9 9 9 9 9 9 9 9 9 9 9
 9 9 9 9 9 9 9 9 9 9 9 9 9 9 9
 9 9 9 9 9 5 9 9 9 9 9 9 9 9 9
 9 9 9 9 0 0 5 9 9 9 9 9 9 9 9
 9 9 9 0 0 0 5 0 9 9 9 9 9 9 9
 9 9 5 0 0 0 5 0 0 9 9 9 9 9 9
 9 0 0 0 0 0 5 0 1 2 9 9 9 9 9
 0 0 0 0 0 5 5 1 1 1 1 9 9 9 9
 0 0 0 0 0 0 0 0 2 1 1 9 9 9 9
 1 0 0 0 0 0 0 0 2 2 1 1 9 9 9
 1 0 0 0 0 0 0 2 2 2 2 1 1 9 9
 1 0 0 0 0 0 0 0 2 3 3 3 3 3 9
 8 0 0 0 0 0 0 0 2 2 2 2 3 3 2
# Turn information for samurai of side 0 with weapon 2
# <turn>
316
# <cure period>
8
# Samurai states: <position x> <position y> <hiding>
6 9 0
0 14 0
9 14 0
-1 -1 1
-1 -1 1
-1 -1 1
# Battle field states
 9 9 9 9 9 9 9 9 9 9 9 9 9 9 9
 9 9 9 9 9 9 9 9 9 9 9 9 9 9 9
 9 9 9 9 9 9 9 9 9 9 9 9 9 9 9
 9 9 9 9 9 9 9 9 9 9 9 9 9 9 9
 9 9 9 9 9 9 5 9 9 9 9 9 9 9 9
 9 9 9 9 9 0 0 0 9 9 9 9 9 9 9
 9 9 9 9 0 0 0 0 0 9 9 9 9 9 9
 9 9 9 0 0 0 0 0 0 1 9 9 9 9 9
 9 9 0 0 0 0 0 0 1 2 1 9 9 9 9
 0 0 0 0 0 5 5 1 1 1 1 1 9 9 9
 0 0 0 0 0 0 0 0 2 1 1 9 9 9 9
 1 0 0 0 0 0 0 0 2 2 1 1 9 9 9
 1 0 0 0 0 0 0 2 3 3 3 3 1 9 9
 1 0 0 0 0 0 0 0 2 3 3 3 3 3 9
 8 0 0 0 0 0 0 0 2 2 2 2 3 3 2
# Turn information for samurai of side 0 with weapon 2
# <turn>
323
# <cure period>
25
# Samurai states: <position x> <position y> <hiding>
7 9 1
0 14 0
9 14 0
12 14 0
-1 -1 1
-1 -1 1
# Battle field states
 9 9 9 9 9 9 9 9 9 9 9 9 9 9 9
 9 9 9 9 9 9 9 9 9 9 9 9 9 9 9
 9 9 9 9 9 9 9 9 9 9 9 9 9 9 9
 9 9 9 9 9 9 9 9 9 9 9 9 9 9 9
 9 9 9 9 9 9 9 8 9 9 9 9 9 9 9
 9 9 9 9 9 9 0 0 3 9 9 9 9 9 9
 9 9 9 9 9 0 0 0 0 0 9 9 9 9 9
 9 9 9 9 0 0 0 0 0 1 1 9 9 9 9
 9 9 9 0 0 0 0 0 1 2 1 1 9 9 9
 0 9 0 0 0 0 0 1 1 1 1 1 3 9 9
 0 0 9 0 0 0 0 0 2 1 1 1 9 9 9
 1 0 0 9 0 0 0 0 2 2 1 1 9 9 9
 1 0 0 0 9 0 0 2 3 3 3 3 1 9 9
 1 0 0 0 0 0 0 0 2 3 3 3 3 3 9
 8 0 0 0 0 0 0 0 3 3 3 3 3 3 2
# Turn information for samurai of side 0 with weapon 2
# <turn>
328
# <cure period>
20
# Samurai states: <position x> <position y> <hiding>
8 9 0
0 14 0
9 14 0
-1 -1 1
-1 -1 1
-1 -1 1
# Battle field states
 9 9 9 9 9 9 9 9 9 9 9 9 9 9 9
 9 9 9 9 9 9 9 9 9 9 9 9 9 9 9
 9 9 9 9 9 9 9 9 9 9 9 9 9 9 9
 9 9 9 9 9 9 9 9 9 9 9 9 9 9 9
 9 9 9 9 9 9 9 9 2 9 9 9 9 9 9
 9 9 9 9 9 9 9 0 3 4 9 9 9 9 9
 9 9 9 9 9 9 0 0 0 0 4 9 9 9 9
 9 9 9 9 9 0 0 0 0 1 1 4 9 9 9
 9 9 9 9 0 0 0 0 1 2 1 1 3 9 9
 0 9 9 0 0 0 0 1 1 1 1 1 3 3 9
 0 0 9 9 0 0 0 0 0 1 1 1 3 9 9
 1 0 0 9 9 0 0 0 0 2 1 1 9 9 9
 1 0 0 0 9 9 0 2 0 3 3 3 1 9 9
 1 0 0 0 0 0 0 0 0 3 3 3 3 3 9
 8 0 0 0 0 0 0 0 3 3 3 3 3 3 2
# Turn information for samurai of side 0 with weapon 2
# <turn>
335
# <cure period>
13
# Samurai states: <position x> <position y> <hiding>
9 9 1
0 14 0
9 14 0
-1 -1 1
-1 -1 1
-1 -1 1
# Battle field states
 9 9 9 9 9 9 9 9 9 9 9 9 9 9 9
 9 9 9 9 9 9 9 9 9 9 9 9 9 9 9
 9 9 9 9 9 9 9 9 9 9 9 9 9 9 9
 9 9 9 9 9 9 9 9 9 9 9 9 9 9 9
 9 9 9 9 9 9 9 9 9 1 9 9 9 9 9
 9 9 9 9 9 9 9 9 5 4 4 9 9 9 9
 9 9 9 9 9 9 9 0 0 4 4 4 9 9 9
 9 9 9 9 9 9 0 0 0 1 4 4 4 9 9
 9 9 9 9 9 0 0 0 1 2 1 4 3 3 9
 0 9 9 9 0 0 0 1 1 1 1 1 3 3 1
 0 0 9 9 9 0 0 0 0 0 1 1 3 3 9
 1 0 0 9 9 9 0 0 0 0 1 1 3 9 9
 1 0 0 0 9 9 0 2 0 0 3 3 1 9 9
 1 0 0 0 0 0 0 0 0 0 3 3 3 3 9
 8 0 0 0 0 0 0 0 3 3 3 3 3 3 3
# Turn information for samurai of side 0 with weapon 2
# <turn>
340
# <cure period>
8
# Samurai states: <position x> <position y> <hiding>
10 9 0
1 14 1
9 14 0
14 14 0
11 7 0
-1 -1 1
# Battle field states
 9 9 9 9 9 9 9 9 9 9 9 9 9 9 9
 9 9 9 9 9 9 9 9 9 9 9 9 9 9 9
 9 9 9 9 9 9 9 9 9 9 9 9 9 9 9
 9 9 9 9 9 9 9 9 9 9 9 9 9 9 9
 9 9 9 9 9 9 9 9 9 9 4 9 9 9 9
 9 9 9 9 9 9 9 9 9 4 0 4 9 9 9
 9 9 9 9 9 9 9 9 0 4 0 4 4 9 9
 9 9 9 9 9 9 9 0 0 4 4 4 4 1 9
 9 9 9 9 9 9 0 0 1 2 4 4 3 3 1
 9 0 9 9 9 0 0 1 1 1 1 4 3 3 1
 0 0 0 9 9 9 0 0 0 0 1 1 3 3 3
 1 0 0 0 9 9 9 0 0 0 1 1 3 3 9
 1 1 0 0 0 9 0 2 0 0 3 3 1 9 9
 1 1 1 0 0 0 0 0 0 0 3 3 3 3 9
 8 0 1 1 0 0 0 0 3 3 3 3 3 3 3
# Turn information for samurai of side 0 with weapon 2
# <turn>
347
# <cure period>
1
# Samurai states: <position x> <position y> <hiding>
11 9 0
2 14 0
9 14 0
-1 -1 1
-1 -1 1
-1 -1 1
# Battle field states
 9 9 9 9 9 9 9 9 9 9 9 9 9 9 9
 9 9 9 9 9 9 9 9 9 9 9 9 9 9 9
 9 9 9 9 9 9 9 9 9 9 9 9 9 9 9
 9 9 9 9 9 9 9 9 9 9 9 9 9 9 9
 9 9 9 9 9 9 9 9 9 9 9 4 9 9 9
 9 9 9 9 9 9 9 9 9 9 0 0 4 9 9
 9 9 9 9 9 9 9 9 9 4 0 0 4 4 9
 9 9 9 9 9 9 9 9 5 4 4 0 4 1 1
 9 9 9 9 9 9 9 0 1 2 4 0 3 3 1
 9 9 0 9 9 9 0 1 1 1 1 4 3 3 1
 9 0 0 0 9 9 9 0 0 0 1 1 3 3 3
 1 0 0 0 0 9 9 0 0 0 1 1 3 3 3
 1 1 1 0 0 0 0 2 0 0 3 3 1 3 9
 1 1 1 1 0 0 0 0 0 0 3 3 3 3 9
 8 0 1 1 1 0 0 0 3 3 3 3 3 3 3
# Turn information for samurai of side 0 with weapon 2
# <turn>
352
# <cure period>
0
# Samurai states: <position x> <position y> <hiding>
12 9 0
3 14 1
9 14 0
14 12 0
-1 -1 1
-1 -1 1
# Battle field states
 9 9 9 9 9 9 9 9 9 9 9 9 9 9 9
 9 9 9 9 9 9 9 9 9 9 9 9 9 9 9
 9 9 9 9 9 9 9 9 9 9 9 9 9 9 9
 9 9 9 9 9 9 9 9 9 9 9 9 9 9 9
 9 9 9 9 9 9 9 9 9 9 9 9 4 9 9
 9 9 9 9 9 9 9 9 9 9 9 0 0 4 9
 9 9 9 9 9 9 9 9 9 9 0 0 0 4 1
 9 9 9 9 9 9 9 9 9 4 4 0 0 1 1
 9 9 9 9 9 9 9 9 1 2 4 0 0 3 3
 9 9 9 0 9 9 9 1 1 1 1 4 3 3 3
 9 9 0 0 0 9 9 9 0 0 1 1 3 3 3
 9 0 0 0 0 0 9 0 0 0 1 1 3 3 3
 1 1 1 1 0 0 0 2 0 0 3 3 1 3 3
 1 1 1 1 1 0 0 0 0 0 3 3 3 3 9
 8 0 1 1 1 1 0 0 3 3 3 3 3 3 3
# Turn information for samurai of side 0 with weapon 2
# <turn>
359
# <cure period>
0
# Samurai states: <position x> <position y> <hiding>
12 8 1
4 14 0
9 13 1
-1 -1 1
-1 -1 1
7 8 0
# Battle field states
 9 9 9 9 9 9 9 9 9 9 9 9 9 9 9
 9 9 9 9 9 9 9 9 9 9 9 9 9 9 9
 9 9 9 9 9 9 9 9 9 9 9 9 9 9 9
 9 9 9 9 9 9 9 9 9 9 9 9 4 9 9
 9 9 9 9 9 9 9 9 9 9 9 4 4 4 9
 9 9 9 9 9 9 9 9 9 9 0 0 0 4 4
 9 9 9 9 9 9 9 9 9 4 0 0 0 4 1
 9 9 9 9 9 9 9 9 5 4 4 0 0 1 1
 9 9 9 9 9 9 9 5 5 2 4 0 0 3 3
 9 9 9 9 0 9 9 9 5 1 1 4 3 3 3
 9 9 9 0 0 0 9 0 0 0 1 1 0 3 3
 9 9 0 0 0 0 0 0 0 0 1 1 0 3 3
 9 1 1 1 1 0 0 2 2 3 3 3 0 3 9
 1 1 1 1 1 1 0 0 2 0 2 3 0 3 3
 8 0 1 1 1 1 1 0 2 3 2 3 3 3 9
# Turn information for samurai of side 0 with weapon 2
# <turn>
364
# <cure period>
0
# Samurai states: <position x> <position y> <hiding>
13 8 0
5 14 1
10 13 0
14 9 0
-1 -1 1
-1 -1 1
# Battle field states
 9 9 9 9 9 9 9 9 9 9 9 9 9 9 9
 9 9 9 9 9 9 9 9 9 9 9 9 9 9 9
 9 9 9 9 9 9 9 9 9 9 9 9 9 9 9
 9 9 9 9 9 9 9 9 9 9 9 9 9 4 9
 9 9 9 9 9 9 9 9 9 9 9 9 4 4 4
 9 9 9 9 9 9 9 9 9 9 9 0 0 4 4
 9 9 9 9 9 9 9 9 9 9 0 0 0 4 1
 9 9 9 9 9 9 9 9 9 4 4 0 0 1 1
 9 9 9 9 9 9 9 9 5 2 4 0 0 3 3
 9 9 9 9 9 0 9 9 9 1 1 4 3 0 3
 9 9 9 9 0 0 0 9 0 0 1 1 0 0 3
 9 9 9 0 0 0 0 0 0 0 1 1 0 0 3
 9 9 1 1 1 1 0 2 2 2 2 2 0 0 3
 9 1 1 1 1 1 1 0 2 0 2 2 0 3 3
 8 0 1 1 1 1 1 1 2 2 2 2 3 3 3
# Turn information for samurai of side 0 with weapon 2
# <turn>
371
# <cure period>
0
# Samurai states: <position x> <position y> <hiding>
13 7 1
6 14 0
11 13 1
14 9 0
-1 -1 1
7 10 0
# Battle field states
 9 9 9 9 9 9 9 9 9 9 9 9 9 9 9
 9 9 9 9 9 9 9 9 9 9 9 9 9 9 9
 9 9 9 9 9 9 9 9 9 9 9 9 9 4 9
 9 9 9 9 9 9 9 9 9 9 9 9 4 0 4
 9 9 9 9 9 9 9 9 9 9 9 4 4 0 4
 9 9 9 9 9 9 9 9 9 9 0 0 0 0 4
 9 9 9 9 9 9 9 9 9 4 0 0 0 0 1
 9 9 9 9 9 9 9 9 5 4 4 0 0 1 1
 9 9 9 9 9 9 9 9 9 2 4 0 0 3 3
 9 9 9 9 9 9 5 9 9 9 1 4 3 0 3
 9 9 9 9 9 0 5 5 9 0 1 1 0 0 3
 9 9 9 9 0 0 5 5 5 0 1 1 0 0 3
 9 9 9 1 1 1 1 2 2 2 2 2 2 0 3
 9 9 1 1 1 1 1 1 2 0 2 2 2 3 3
 9 0 1 1 1 1 1 1 1 2 2 2 2 3 3
# Turn information for samurai of side 0 with weapon 2
# <turn>
376
# <cure period>
0
# Samurai states: <position x> <position y> <hiding>
14 7 0
6 13 1
12 13 0
14 9 0
-1 -1 1
7 10 0
# Battle field states
 9 9 9 9 9 9 9 9 9 9 9 9 9 9 9
 9 9 9 9 9 9 9 9 9 9 9 9 9 9 9
 9 9 9 9 9 9 9 9 9 9 9 9 9 9 4
 9 9 9 9 9 9 9 9 9 9 9 9 9 0 4
 9 9 9 9 9 9 9 9 9 9 9 9 4 0 0
 9 9 9 9 9 9 9 9 9 9 9 0 0 0 0
 9 9 9 9 9 9 9 9 9 9 0 0 0 0 0
 9 9 9 9 9 9 9 9 9 4 4 0 0 1 1
 9 9 9 9 9 9 5 9 9 9 4 0 0 3 3
 9 9 9 9 9 0 5 5 9 9 9 4 3 0 3
 9 9 9 9 0 0 5 5 5 9 1 1 0 0 3
 9 9 9 0 0 0 1 5 5 0 1 1 0 0 3
 9 9 1 1 1 1 1 1 2 2 2 2 2 2 3
 9 1 1 1 1 1 1 1 1 0 2 2 2 2 3
 9 9 1 1 1 1 1 1 1 2 2 2 2 2 3
# Turn information for samurai of side 0 with weapon 2
# <turn>
383
# <cure period>
0
# Samurai states: <position x> <position y> <hiding>
14 6 1
6 12 0
13 13 1
14 9 0
14 2 0
-1 -1 1
# Battle field states
 9 9 9 9 9 9 9 9 9 9 9 9 9 9 9
 9 9 9 9 9 9 9 9 9 9 9 9 9 9 4
 9 9 9 9 9 9 9 9 9 9 9 9 9 4 4
 9 9 9 9 9 9 9 9 9 9 9 9 4 4 4
 9 9 9 9 9 9 9 9 9 9 9 4 4 0 4
 9 9 9 9 9 9 9 9 9 9 0 0 0 0 0
 9 9 9 9 9 9 9 9 9 4 0 0 0 0 0
 9 9 9 9 9 9 5 9 9 9 4 0 0 1 1
 9 9 9 9 9 0 5 5 9 9 9 0 0 3 0
 9 9 9 9 0 0 5 5 5 9 9 9 3 0 0
 9 9 9 0 0 0 1 5 5 0 9 1 0 0 0
 9 9 0 0 0 0 1 1 5 0 1 1 0 0 0
 9 1 1 1 1 1 5 1 1 2 2 2 2 2 2
 9 9 1 1 1 1 1 1 1 0 2 2 2 2 2
 9 9 9 1 1 1 1 1 1 2 2 2 2 2 2
# Turn information for samurai of side 0 with weapon 2
# <turn>
388
# <cure period>
0
# Samurai states: <position x> <position y> <hiding>
14 5 0
6 11 1
13 12 0
14 9 0
14 0 0
-1 -1 1
# Battle field states
 9 9 9 9 9 9 9 9 9 9 9 9 9 9 2
 9 9 9 9 9 9 9 9 9 9 9 9 9 4 0
 9 9 9 9 9 9 9 9 9 9 9 9 4 4 0
 9 9 9 9 9 9 9 9 9 9 9 4 4 4 0
 9 9 9 9 9 9 9 9 9 9 4 4 4 0 0
 9 9 9 9 9 9 9 9 9 4 0 0 0 0 0
 9 9 9 9 9 9 5 9 9 9 0 0 0 0 0
 9 9 9 9 9 0 5 5 9 9 9 0 0 1 1
 9 9 9 9 0 0 5 5 5 9 9 9 0 3 0
 9 9 9 0 0 0 1 5 5 1 9 4 3 0 0
 9 9 0 0 0 0 1 1 5 0 1 1 0 0 0
 9 0 0 0 0 0 1 1 1 0 1 1 2 2 2
 9 9 1 1 1 1 5 1 1 2 2 2 2 2 2
 9 9 9 1 1 1 1 1 1 0 2 2 2 2 2
 9 9 9 9 1 1 1 1 1 9 2 2 2 2 2
# Turn information for samurai of side 0 with weapon 2
# <turn>
395
# <cure period>
0
# Samurai states: <position x> <position y> <hiding>
14 4 1
6 10 0
13 11 1
14 9 0
14 0 0
-1 -1 1
# Battle field states
 9 9 9 9 9 9 9 9 9 9 9 9 9 4 2
 9 9 9 9 9 9 9 9 9 9 9 9 4 4 0
 9 9 9 9 9 9 9 9 9 9 9 4 4 4 0
 9 9 9 9 9 9 9 9 9 9 1 4 4 4 0
 9 9 9 9 9 9 9 9 9 1 0 0 0 0 0
 9 9 9 9 9 9 5 9 9 9 0 0 0 0 0
 9 9 9 9 9 0 5 5 9 9 9 0 0 0 0
 9 9 9 9 0 0 5 5 5 9 9 9 0 1 1
 9 9 9 0 0 0 1 5 5 2 9 0 0 3 0
 9 9 0 0 0 0 1 1 5 1 1 4 3 0 0
 9 0 0 0 0 0 1 1 1 0 1 1 2 2 2
 9 9 0 0 0 0 1 1 1 0 1 1 2 2 2
 9 9 9 1 1 1 5 1 1 2 2 2 2 2 2
 9 9 9 9 1 1 1 1 1 9 2 2 2 2 2
 9 9 9 9 9 1 1 1 9 9 9 2 2 2 2
# Turn information for samurai of side 0 with weapon 2
# <turn>
400
# <cure period>
0
# Samurai states: <position x> <position y> <hiding>
13 4 0
6 9 1
13 10 0
14 9 0
14 0 0
-1 -1 1
# Battle field states
 9 9 9 9 9 9 9 9 9 9 9 9 4 0 2
 9 9 9 9 9 9 9 9 9 9 9 4 4 0 0
 9 9 9 9 9 9 9 9 9 9 3 4 4 0 0
 9 9 9 9 9 9 9 9 9 3 1 4 4 0 0
 9 9 9 9 9 9 5 9 5 1 0 0 0 0 0
 9 9 9 9 9 0 5 5 9 4 0 0 0 0 0
 9 9 9 9 0 0 5 5 5 9 0 0 0 0 0
 9 9 9 0 0 0 1 5 5 4 9 0 0 1 1
 9 9 0 0 0 0 1 1 5 2 4 0 0 3 0
 9 0 0 0 0 0 1 1 1 1 1 4 2 2 2
 9 9 0 0 0 0 1 1 1 0 1 1 2 2 2
 9 9 9 0 0 0 1 1 1 0 1 1 2 2 2
 9 9 9 9 1 1 5 1 1 9 2 2 2 2 2
 9 9 9 9 9 1 1 1 9 9 9 2 2 2 2
 9 9 9 9 9 9 1 9 9 9 9 9 2 2 2
# Turn information for samurai of side 0 with weapon 2
# <turn>
407
# <cure period>
0
# Samurai states: <position x> <position y> <hiding>
12 4 1
6 8 0
13 9 1
14 9 0
-1 -1 1
-1 -1 1
# Battle field states
 9 9 9 9 9 9 9 9 9 9 9 4 0 0 9
 9 9 9 9 9 9 9 9 9 9 3 4 0 0 0
 9 9 9 9 9 9 9 9 9 3 3 4 0 0 0
 9 9 9 9 9 9 5 9 5 3 1 4 0 0 0
 9 9 9 9 9 5 5 5 5 1 0 0 0 0 0
 9 9 9 9 0 0 5 5 5 4 0 0 0 0 0
 9 9 9 0 0 0 1 5 5 4 0 0 0 0 0
 9 9 5 0 0 0 1 1 5 4 4 0 0 1 1
 9 0 0 0 0 0 1 1 1 2 4 0 2 2 2
 9 9 0 0 0 0 1 1 1 1 1 4 2 2 2
 9 9 9 0 0 0 1 1 1 0 1 1 2 2 2
 9 9 9 9 0 0 1 1 1 9 1 1 2 2 2
 9 9 9 9 9 1 5 1 9 9 9 2 2 2 2
 9 9 9 9 9 9 1 9 9 9 9 9 2 2 2
 9 9 9 9 9 9 9 9 9 9 9 9 9 2 9
# Turn information for samurai of side 0 with weapon 2
# <turn>
412
# <cure period>
0
# Samurai states: <position x> <position y> <hiding>
11 4 0
6 7 1
12 9 0
14 9 0
-1 -1 1
-1 -1 1
# Battle field states
 9 9 9 9 9 9 9 9 9 9 3 0 0 9 9
 9 9 9 9 9 9 9 9 9 3 3 0 0 0 9
 9 9 9 9 9 9 5 9 5 3 3 0 0 0 0
 9 9 9 9 9 5 5 5 5 3 1 0 0 0 0
 9 9 9 9 5 5 5 5 5 1 0 0 0 0 0
 9 9 9 0 0 0 1 5 5 4 0 0 0 0 0
 9 9 5 0 0 0 1 1 5 4 0 0 0 0 0
 9 5 5 0 0 0 1 1 1 4 4 0 0 1 1
 9 9 0 0 0 0 1 1 1 2 4 2 2 2 2
 9 9 9 0 0 0 1 1 1 1 1 2 2 2 2
 9 9 9 9 0 0 1 1 1 0 1 2 2 2 2
 9 9 9 9 9 0 1 1 9 0 1 1 2 2 2
 9 9 9 9 9 9 5 9 9 9 2 2 2 2 2
 9 9 9 9 9 9 9 9 9 9 9 2 2 2 9
 9 9 9 9 9 9 9 9 9 9 9 9 2 9 9
# Turn information for samurai of side 0 with weapon 2
# <turn>
419
# <cure period>
0
# Samurai states: <position x> <position y> <hiding>
11 3 1
7 7 0
11 9 1
14 9 0
-1 -1 1
-1 -1 1
# Battle field states
 9 9 9 9 9 9 9 9 9 3 3 0 4 4 9
 9 9 9 9 9 9 9 9 5 3 3 0 0 4 4
 9 9 9 9 9 9 9 5 5 3 3 0 0 0 4
 9 9 9 9 9 9 5 0 0 0 0 0 0 0 0
 9 9 9 9 9 5 5 5 5 1 0 0 0 0 0
 9 9 9 9 0 0 1 1 5 4 0 0 0 0 0
 9 9 9 0 0 0 1 1 1 4 0 0 0 0 9
 9 9 5 0 0 0 1 1 1 1 4 0 0 1 1
 9 9 9 0 0 0 1 1 1 2 2 2 2 2 2
 9 9 9 9 0 0 1 1 1 1 2 2 2 2 2
 9 9 9 9 9 0 1 1 1 0 2 2 2 2 2
 9 9 9 9 9 9 1 1 1 0 1 1 2 2 2
 9 9 9 9 9 9 9 1 9 2 2 2 2 2 9
 9 9 9 9 9 9 9 9 9 9 2 2 2 9 9
 9 9 9 9 9 9 9 9 9 9 9 2 9 9 9
# Turn information for samurai of side 0 with weapon 2
# <turn>
424
# <cure period>
0
# Samurai states: <position x> <position y> <hiding>
11 2 0
7 6 1
11 8 0
14 9 0
-1 -1 1
-1 -1 1
# Battle field states
 9 9 9 9 9 9 9 9 5 3 3 0 4 4 2
 9 9 9 9 9 9 9 5 5 3 3 0 4 4 4
 9 9 9 9 9 9 5 0 0 0 0 0 0 4 4
 9 9 9 9 9 5 5 0 0 0 0 0 0 0 4
 9 9 9 9 5 5 5 1 5 1 0 0 0 0 0
 9 9 9 0 0 0 1 1 1 4 0 0 0 0 9
 9 9 5 0 0 0 1 1 1 1 0 0 0 0 0
 9 9 9 0 0 0 1 1 1 1 2 2 2 1 1
 9 9 9 9 0 0 1 1 1 2 2 2 2 2 2
 9 9 9 9 9 0 1 1 1 1 2 2 2 2 2
 9 9 9 9 9 9 1 1 1 0 2 2 2 2 2
 9 9 9 9 9 9 9 1 9 0 1 1 2 2 9
 9 9 9 9 9 9 9 9 9 9 2 2 2 9 9
 9 9 9 9 9 9 9 9 9 9 9 2 9 9 9
 9 9 9 9 9 9 9 9 9 9 9 9 9 9 9
# Turn information for samurai of side 0 with weapon 2
# <turn>
431
# <cure period>
0
# Samurai states: <position x> <position y> <hiding>
11 1 1
8 6 0
11 7 1
14 9 0
14 2 0
-1 -1 1
# Battle field states
 9 9 9 9 9 9 9 5 5 3 3 0 4 4 2
 9 9 9 9 9 9 5 5 0 0 0 0 4 4 4
 9 9 9 9 9 9 9 5 0 0 0 0 4 4 4
 9 9 9 9 9 9 5 0 0 0 0 0 0 4 4
 9 9 9 9 9 5 5 1 1 1 0 0 0 0 9
 9 9 9 9 0 0 1 1 1 1 0 0 0 0 0
 9 9 9 0 0 0 1 1 1 1 1 2 2 0 0
 9 9 9 9 0 0 1 1 1 1 2 2 2 1 1
 9 9 9 9 9 0 1 1 1 2 2 2 2 2 2
 9 9 9 9 9 9 1 1 1 1 2 2 2 2 2
 9 9 9 9 9 9 9 1 1 0 2 2 2 2 9
 9 9 9 9 9 9 9 9 1 9 1 1 2 9 9
 9 9 9 9 9 9 9 9 9 9 9 2 9 9 9
 9 9 9 9 9 9 9 9 9 9 9 9 9 9 9
 9 9 9 9 9 9 9 9 9 9 9 9 9 9 9
# Turn information for samurai of side 0 with weapon 2
# <turn>
436
# <cure period>
0
# Samurai states: <position x> <position y> <hiding>
11 0 0
9 6 1
11 6 0
-1 -1 1
-1 -1 1
-1 -1 1
# Battle field states
 9 9 9 9 9 9 5 0 0 0 0 0 4 4 2
 9 9 9 9 9 9 9 5 0 0 0 0 4 4 4
 9 9 9 9 9 9 9 9 0 0 0 0 4 4 4
 9 9 9 9 9 9 9 0 0 0 0 0 4 4 9
 9 9 9 9 9 9 5 1 1 1 0 0 0 4 4
 9 9 9 9 9 0 1 1 1 1 2 2 2 0 4
 9 9 9 9 0 0 1 1 1 1 1 1 2 0 0
 9 9 9 9 9 0 1 1 1 1 1 2 2 1 1
 9 9 9 9 9 9 1 1 1 1 2 2 2 2 2
 9 9 9 9 9 9 9 1 1 1 2 2 2 2 9
 9 9 9 9 9 9 9 9 1 0 2 2 2 9 9
 9 9 9 9 9 9 9 9 9 0 9 1 9 9 9
 9 9 9 9 9 9 9 9 9 9 9 9 9 9 9
 9 9 9 9 9 9 9 9 9 9 9 9 9 9 9
 9 9 9 9 9 9 9 9 9 9 9 9 9 9 9
# Turn information for samurai of side 0 with weapon 2
# <turn>
443
# <cure period>
0
# Samurai states: <position x> <position y> <hiding>
11 1 1
10 6 0
10 6 1
-1 -1 1
-1 -1 1
-1 -1 1
# Battle field states
 9 9 9 9 9 9 9 0 0 0 0 0 4 4 2
 9 9 9 9 9 9 5 5 5 0 0 0 0 0 0
 9 9 9 9 9 9 9 5 5 0 0 0 4 4 4
 9 9 9 9 9 9 9 9 5 0 0 0 4 4 4
 9 9 9 9 9 9 9 5 5 1 0 0 4 4 9
 9 9 9 9 9 9 1 1 1 2 2 2 2 4 4
 9 9 9 9 9 0 1 1 1 2 1 1 1 0 4
 9 9 9 9 9 9 1 1 1 2 1 1 2 1 1
 9 9 9 9 9 9 9 1 1 1 1 2 2 2 9
 9 9 9 9 9 9 9 9 1 1 3 3 3 9 9
 9 9 9 9 9 9 9 9 9 0 2 2 9 9 9
 9 9 9 9 9 9 9 9 9 9 1 9 9 9 9
 9 9 9 9 9 9 9 9 9 9 9 9 9 9 9
 9 9 9 9 9 9 9 9 9 9 9 9 9 9 9
 9 9 9 9 9 9 9 9 9 9 9 9 9 9 9
# Turn information for samurai of side 0 with weapon 2
# <turn>
448
# <cure period>
0
# Samurai states: <position x> <position y> <hiding>
12 1 0
11 6 1
10 5 0
-1 -1 1
-1 -1 1
-1 -1 1
# Battle field states
 9 9 9 9 9 9 9 9 0 0 0 0 4 4 2
 9 9 9 9 9 9 9 5 5 0 0 0 0 0 0
 9 9 9 9 9 9 9 9 5 0 0 0 0 4 4
 9 9 9 9 9 9 9 5 5 0 0 0 0 4 4
 9 9 9 9 9 9 5 5 5 2 2 1 4 4 4
 9 9 9 9 9 0 1 1 1 2 2 1 1 4 4
 9 9 9 9 9 9 1 1 1 2 2 2 1 1 4
 9 9 9 9 9 9 9 1 1 2 1 1 2 1 1
 9 9 9 9 9 9 9 9 1 1 1 2 2 2 2
 9 9 9 9 9 9 9 9 9 1 3 3 3 3 9
 9 9 9 9 9 9 9 9 9 9 3 3 3 9 9
 9 9 9 9 9 9 9 9 9 9 9 1 9 9 9
 9 9 9 9 9 9 9 9 9 9 9 9 9 9 9
 9 9 9 9 9 9 9 9 9 9 9 9 9 9 9
 9 9 9 9 9 9 9 9 9 9 9 9 9 9 9
# Turn information for samurai of side 0 with weapon 2
# <turn>
455
# <cure period>
0
# Samurai states: <position x> <position y> <hiding>
13 1 1
11 7 0
11 5 1
-1 -1 1
14 0 0
-1 -1 1
# Battle field states
 9 9 9 9 9 9 9 9 9 0 0 0 4 4 2
 9 9 9 9 9 9 9 9 5 0 0 0 0 0 0
 9 9 9 9 9 9 9 9 9 0 0 0 0 0 4
 9 9 9 9 9 9 9 9 5 0 0 0 0 0 4
 9 9 9 9 9 9 9 5 5 2 2 2 2 0 4
 9 9 9 9 9 9 5 5 5 2 2 1 2 0 4
 9 9 9 9 9 9 9 5 5 2 2 2 2 1 4
 9 9 9 9 9 9 1 1 1 2 1 1 1 1 1
 9 9 9 9 9 9 9 1 1 1 1 1 1 2 2
 9 9 9 9 9 9 9 9 1 1 3 1 3 3 2
 9 9 9 9 9 9 9 9 9 0 3 3 3 3 9
 9 9 9 9 9 9 9 9 9 9 3 3 3 9 9
 9 9 9 9 9 9 9 9 9 9 9 2 9 9 9
 9 9 9 9 9 9 9 9 9 9 9 9 9 9 9
 9 9 9 9 9 9 9 9 9 9 9 9 9 9 9
# Turn information for samurai of side 0 with weapon 2
# <turn>
460
# <cure period>
0
# Samurai states: <position x> <position y> <hiding>
14 1 0
11 8 1
11 6 0
-1 -1 1
14 0 0
-1 -1 1
# Battle field states
 9 9 9 9 9 9 9 9 9 9 0 0 4 4 2
 9 9 9 9 9 9 9 9 9 0 0 0 0 0 0
 9 9 9 9 9 9 9 9 9 9 0 0 0 0 0
 9 9 9 9 9 9 9 9 9 0 0 0 0 0 0
 9 9 9 9 9 9 9 9 5 2 2 2 2 0 0
 9 9 9 9 9 9 9 5 5 2 2 2 2 0 0
 9 9 9 9 9 9 5 5 5 2 2 2 2 1 4
 9 9 9 9 9 9 9 1 1 2 2 2 2 1 1
 9 9 9 9 9 9 1 1 1 1 1 1 1 1 2
 9 9 9 9 9 9 9 1 1 1 3 1 1 3 2
 9 9 9 9 9 9 9 9 1 0 3 1 3 3 3
 9 9 9 9 9 9 9 9 9 0 3 3 3 3 9
 9 9 9 9 9 9 9 9 9 9 3 3 3 9 9
 9 9 9 9 9 9 9 9 9 9 9 2 9 9 9
 9 9 9 9 9 9 9 9 9 9 9 9 9 9 9
# Turn information for samurai of side 0 with weapon 2
# <turn>
467
# <cure period>
0
# Samurai states: <position x> <position y> <hiding>
14 2 1
11 9 0
11 7 1
-1 -1 1
14 0 0
-1 -1 1
# Battle field states
 9 9 9 9 9 9 9 9 9 9 9 0 4 4 2
 9 9 9 9 9 9 9 9 9 9 0 0 0 0 0
 9 9 9 9 9 9 9 9 9 0 0 0 0 0 0
 9 9 9 9 9 9 9 9 9 9 0 0 0 0 0
 9 9 9 9 9 9 9 9 9 2 2 2 2 0 0
 9 9 9 9 9 9 9 9 5 2 2 2 2 0 0
 9 9 9 9 9 9 9 5 5 2 2 2 2 1 0
 9 9 9 9 9 9 5 5 5 2 2 2 2 1 1
 9 9 9 9 9 9 9 5 5 1 2 2 2 1 2
 9 9 9 9 9 9 1 1 1 1 3 1 1 1 2
 9 9 9 9 9 9 9 1 1 0 3 1 1 3 3
 9 9 9 9 9 9 9 9 1 0 3 1 3 3 3
 9 9 9 9 9 9 9 9 9 2 3 3 3 3 9
 9 9 9 9 9 9 9 9 9 9 3 3 3 9 9
 9 9 9 9 9 9 9 9 9 9 9 2 9 9 9
# Turn information for samurai of side 0 with weapon 2
# <turn>
472
# <cure period>
0
# Samurai states: <position x> <position y> <hiding>
13 2 0
11 10 1
11 8 0
-1 -1 1
14 0 0
-1 -1 1
# Battle field states
 9 9 9 9 9 9 9 9 9 9 0 0 4 0 2
 9 9 9 9 9 9 9 9 9 0 0 0 0 0 0
 9 9 9 9 9 9 9 9 5 0 0 0 0 0 0
 9 9 9 9 9 9 9 9 9 0 0 0 0 0 0
 9 9 9 9 9 9 9 9 9 9 2 2 2 0 0
 9 9 9 9 9 9 9 9 9 2 2 2 2 0 0
 9 9 9 9 9 9 9 9 5 2 2 2 2 1 0
 9 9 9 9 9 9 9 5 5 2 2 2 2 1 1
 9 9 9 9 9 9 5 5 5 1 2 2 2 1 2
 9 9 9 9 9 9 9 1 1 1 2 2 2 1 2
 9 9 9 9 9 9 1 1 1 1 1 1 1 3 3
 9 9 9 9 9 9 9 1 1 0 1 1 3 3 3
 9 9 9 9 9 9 9 9 1 2 3 1 3 3 3
 9 9 9 9 9 9 9 9 9 0 3 3 3 3 9
 9 9 9 9 9 9 9 9 9 9 3 3 3 9 9
# Turn information for samurai of side 0 with weapon 2
# <turn>
479
# <cure period>
0
# Samurai states: <position x> <position y> <hiding>
12 2 1
12 10 0
11 9 1
-1 -1 1
14 0 0
-1 -1 1
# Battle field states
 9 9 9 9 9 9 9 9 9 0 0 0 0 0 2
 9 9 9 9 9 9 9 9 5 0 0 0 0 0 0
 9 9 9 9 9 9 9 5 5 0 0 0 0 0 0
 9 9 9 9 9 9 9 9 5 0 0 0 0 0 0
 9 9 9 9 9 9 9 9 9 2 2 2 2 0 0
 9 9 9 9 9 9 9 9 9 9 2 2 2 0 0
 9 9 9 9 9 9 9 9 9 2 2 2 2 1 9
 9 9 9 9 9 9 9 9 5 2 2 2 2 1 1
 9 9 9 9 9 9 9 5 5 1 2 2 2 1 2
 9 9 9 9 9 9 5 5 5 1 2 2 2 1 2
 9 9 9 9 9 9 9 5 5 1 2 2 2 1 1
 9 9 9 9 9 9 9 9 1 0 1 1 1 1 3
 9 9 9 9 9 9 9 9 9 2 3 1 1 3 3
 9 9 9 9 9 9 9 9 9 9 3 3 3 3 3
 9 9 9 9 9 9 9 9 9 9 9 3 3 3 9
# Turn information for samurai of side 0 with weapon 2
# <turn>
484
# <cure period>
0
# Samurai states: <position x> <position y> <hiding>
11 2 0
12 11 1
11 10 0
13 13 0
14 0 0
-1 -1 1
# Battle field states
 9 9 9 9 9 9 9 9 0 0 0 0 4 4 2
 9 9 9 9 9 9 9 5 5 0 0 0 0 4 4
 9 9 9 9 9 9 5 0 0 0 0 0 0 0 4
 9 9 9 9 9 9 9 5 5 0 0 0 0 0 0
 9 9 9 9 9 9 9 9 5 2 2 2 2 0 0
 9 9 9 9 9 9 9 9 9 2 2 2 2 0 9
 9 9 9 9 9 9 9 9 9 9 2 2 2 9 9
 9 9 9 9 9 9 9 9 9 2 2 2 2 1 9
 9 9 9 9 9 9 9 9 5 1 2 2 2 1 2
 9 9 9 9 9 9 9 5 5 1 2 2 2 3 2
 9 9 9 9 9 9 5 5 5 1 2 2 2 3 1
 9 9 9 9 9 9 9 1 1 0 2 2 2 1 1
 9 9 9 9 9 9 9 9 1 2 3 1 1 1 3
 9 9 9 9 9 9 9 9 9 0 3 3 1 3 3
 9 9 9 9 9 9 9 9 9 9 3 3 3 3 3
# Turn information for samurai of side 0 with weapon 2
# <turn>
491
# <cure period>
0
# Samurai states: <position x> <position y> <hiding>
11 3 1
12 12 0
12 10 1
-1 -1 1
-1 -1 1
-1 -1 1
# Battle field states
 9 9 9 9 9 9 9 9 9 0 0 0 4 4 9
 9 9 9 9 9 9 9 9 5 0 0 0 4 4 4
 9 9 9 9 9 9 9 0 0 0 0 0 0 4 4
 9 9 9 9 9 9 5 0 0 0 0 0 0 0 4
 9 9 9 9 9 9 9 5 5 2 2 2 2 0 0
 9 9 9 9 9 9 9 9 5 2 2 2 2 0 0
 9 9 9 9 9 9 9 9 9 2 2 2 2 1 9
 9 9 9 9 9 9 9 9 9 9 2 2 2 1 1
 9 9 9 9 9 9 9 9 9 1 2 2 2 1 2
 9 9 9 9 9 9 9 9 5 1 2 2 2 3 2
 9 9 9 9 9 9 9 5 5 1 2 2 2 3 1
 9 9 9 9 9 9 9 9 5 0 2 2 2 3 1
 9 9 9 9 9 9 9 5 5 2 3 1 1 1 1
 9 9 9 9 9 9 9 9 1 0 3 3 1 1 3
 9 9 9 9 9 9 9 9 9 2 3 3 1 3 3
# Turn information for samurai of side 0 with weapon 2
# <turn>
496
# <cure period>
27
# Samurai states: <position x> <position y> <hiding>
11 4 0
0 14 0
9 14 0
12 14 0
14 2 0
-1 -1 1
# Battle field states
 9 9 9 9 9 9 9 9 9 9 0 0 4 9 9
 9 9 9 9 9 9 9 9 9 0 0 0 4 4 9
 9 9 9 9 9 9 9 9 0 0 0 0 4 4 4
 9 9 9 9 9 9 9 0 0 0 0 0 0 4 4
 9 9 9 9 9 9 5 0 0 0 0 2 2 0 4
 9 9 9 9 9 9 9 5 5 2 2 2 2 0 0
 9 9 9 9 9 9 9 9 5 2 2 2 2 1 0
 9 9 9 9 9 9 9 9 9 2 2 2 2 1 9
 9 9 9 9 9 9 9 9 9 9 2 2 2 9 9
 0 9 9 9 9 9 9 9 9 1 9 2 9 9 9
 0 0 9 9 9 9 9 9 5 1 2 9 9 9 9
 1 0 0 9 9 9 9 5 5 0 2 2 9 9 9
 1 1 1 1 9 9 5 5 5 2 3 2 3 9 9
 1 1 1 1 1 1 1 1 1 0 3 3 3 1 9
 8 0 1 1 1 1 1 1 1 2 3 3 1 3 3
# Turn information for samurai of side 0 with weapon 2
# <turn>
503
# <cure period>
20
# Samurai states: <position x> <position y> <hiding>
12 4 1
0 14 0
9 14 0
-1 -1 1
-1 -1 1
-1 -1 1
# Battle field states
 9 9 9 9 9 9 9 9 9 9 9 0 0 4 9
 9 9 9 9 9 9 9 9 9 9 0 0 0 4 4
 9 9 9 9 9 9 9 9 9 0 0 4 4 4 4
 9 9 9 9 9 9 9 9 0 0 0 0 4 4 4
 9 9 9 9 9 9 9 0 0 0 0 2 2 4 4
 9 9 9 9 9 9 9 9 5 2 2 2 2 0 0
 9 9 9 9 9 9 9 9 9 2 2 2 2 1 0
 9 9 9 9 9 9 9 9 9 9 2 2 2 1 1
 9 9 9 9 9 9 9 9 9 9 9 2 2 1 9
 0 9 9 9 9 9 9 9 9 1 9 9 2 9 9
 0 0 9 9 9 9 9 9 5 1 2 9 9 9 9
 1 0 0 9 9 9 9 5 5 0 2 2 9 9 9
 1 1 1 1 9 9 5 5 5 2 3 2 3 9 9
 1 1 1 1 1 1 5 5 5 0 3 3 3 3 9
 8 0 1 1 1 1 5 5 5 2 3 3 1 3 3
# Turn information for samurai of side 0 with weapon 2
# <turn>
508
# <cure period>
15
# Samurai states: <position x> <position y> <hiding>
13 4 0
0 14 0
9 14 0
14 14 0
14 0 0
-1 -1 1
# Battle field states
 9 9 9 9 9 9 9 9 9 9 9 9 0 0 2
 9 9 9 9 9 9 9 9 9 9 9 0 0 0 4
 9 9 9 9 9 9 9 9 9 9 0 4 4 0 4
 9 9 9 9 9 9 9 9 9 0 0 0 4 0 4
 9 9 9 9 9 9 9 9 0 0 0 2 2 4 4
 9 9 9 9 9 9 9 9 9 2 2 2 2 0 0
 9 9 9 9 9 9 9 9 9 9 2 2 2 1 0
 9 9 9 9 9 9 9 9 9 9 9 2 2 1 1
 9 9 9 9 9 9 9 9 9 9 9 9 2 1 2
 0 9 9 9 9 9 9 9 9 1 9 9 9 3 9
 0 0 9 9 9 9 9 9 5 1 2 9 9 9 9
 1 0 0 9 9 9 9 5 5 0 2 2 9 9 9
 1 1 1 1 9 9 5 5 5 2 3 2 3 9 9
 1 1 1 1 1 1 5 5 5 0 3 3 3 3 9
 8 0 1 1 1 1 5 5 5 2 3 3 1 3 3
