# <# turns> <side> <weapon> <width> <height> <cure period>
192 1 1 15 15 20
# Home positions
14 9
14 0
5 0
0 5
0 14
9 14
# Ranks and scores of samurai
1 80
0 93
4 28
2 40
5 24
3 31
# Turn information for samurai of side 1 with weapon 1
# <turn>
2
# <cure period>
0
# Samurai states: <position x> <position y> <hiding>
13 9 0
14 0 0
5 0 0
-1 -1 1
-1 -1 1
-1 -1 1
# Battle field states
 8 8 8 8 8 8 8 8 8 8 8 8 8 8 8
 9 8 8 8 8 8 8 8 8 8 8 8 8 8 8
 9 9 8 8 8 8 8 8 8 9 9 8 8 8 8
 9 9 9 8 8 8 8 8 9 9 9 9 8 8 8
 9 9 9 9 8 8 8 9 9 9 9 9 9 8 8
 9 9 9 9 9 8 9 9 9 9 9 9 8 8 8
 9 9 9 9 9 9 9 9 9 9 9 8 8 8 8
 9 9 9 9 9 9 9 9 9 9 8 8 8 8 8
 9 9 9 9 9 9 9 9 9 8 8 8 8 8 8
 9 9 9 9 9 9 9 9 8 8 8 8 8 8 8
 9 9 9 9 9 9 9 9 9 8 8 8 8 8 8
 9 9 9 9 9 9 9 9 9 9 8 8 8 8 8
 9 9 9 9 9 9 9 9 9 9 9 8 8 8 8
 9 9 9 9 9 9 9 9 9 9 9 9 8 8 8
 9 9 9 9 9 9 9 9 9 9 9 9 9 8 9
# Turn information for samurai of side 1 with weapon 1
# <turn>
9
# <cure period>
0
# Samurai states: <position x> <position y> <hiding>
14 9 0
14 0 0
5 1 0
-1 -1 1
-1 -1 1
-1 -1 1
# Battle field states
 9 8 8 8 2 8 2 8 8 8 8 8 1 1 8
 8 8 8 8 2 8 2 8 8 8 8 8 8 1 1
 9 8 8 8 2 2 2 8 8 8 9 8 8 8 1
 9 9 8 8 8 8 8 8 8 9 9 9 8 8 8
 9 9 9 8 8 8 8 8 9 9 9 9 9 8 8
 9 9 9 9 3 8 8 9 9 9 9 9 9 0 8
 9 9 9 9 9 8 9 9 9 9 9 9 8 0 8
 9 9 9 9 9 9 9 9 9 9 9 8 8 0 8
 9 9 9 9 9 9 9 9 9 9 8 8 8 0 8
 9 9 9 9 9 9 9 9 9 8 8 8 8 8 8
 9 9 9 9 9 9 9 9 9 9 8 8 8 8 8
 9 9 9 9 9 9 9 9 9 9 9 8 8 8 8
 9 9 9 9 9 9 9 9 9 9 9 9 8 8 8
 9 9 9 9 9 9 9 9 9 9 9 9 9 8 8
 9 9 9 9 9 9 9 9 9 9 9 9 9 9 8
# Turn information for samurai of side 1 with weapon 1
# <turn>
14
# <cure period>
0
# Samurai states: <position x> <position y> <hiding>
13 9 0
14 1 1
5 2 1
-1 -1 1
-1 -1 1
-1 -1 1
# Battle field states
 9 9 8 8 2 8 2 8 8 9 8 8 1 1 8
 9 8 8 8 2 2 2 8 8 8 8 8 1 1 1
 8 8 8 8 2 2 2 8 8 8 8 8 8 1 1
 9 8 8 8 2 2 2 8 8 8 9 8 8 8 1
 9 9 8 8 8 8 8 8 8 9 9 9 8 8 8
 9 9 9 3 3 8 8 8 9 9 9 9 8 0 0
 9 9 9 9 3 8 8 9 9 9 9 8 8 0 0
 9 9 9 9 9 8 9 9 9 9 8 8 8 0 0
 9 9 9 9 9 9 9 9 9 8 8 8 8 0 0
 9 9 9 9 9 9 9 9 8 8 8 8 8 8 8
 9 9 9 9 9 9 9 9 9 8 8 8 8 8 8
 9 9 9 9 9 9 9 9 9 9 8 8 8 8 8
 9 9 9 9 9 9 9 9 9 9 9 8 8 8 8
 9 9 9 9 9 9 9 9 9 9 9 9 8 8 8
 9 9 9 9 9 9 9 9 9 9 9 9 9 8 9
# Turn information for samurai of side 1 with weapon 1
# <turn>
21
# <cure period>
0
# Samurai states: <position x> <position y> <hiding>
13 10 0
14 2 0
5 3 0
-1 -1 1
-1 -1 1
-1 -1 1
# Battle field states
 9 9 9 8 2 8 2 8 9 9 9 8 1 1 8
 9 9 8 8 2 2 2 8 8 9 8 8 1 1 1
 9 8 8 8 2 2 2 8 8 8 8 8 1 1 1
 8 8 8 8 2 2 2 8 8 8 8 8 8 1 1
 9 8 8 8 2 2 2 8 8 8 9 8 8 8 1
 9 9 3 3 3 8 8 8 8 9 9 9 8 0 0
 9 9 9 3 3 8 8 8 9 9 9 9 8 0 0
 9 9 9 9 3 8 8 9 9 9 9 8 8 0 0
 9 9 9 9 9 8 9 9 9 9 8 8 8 0 0
 9 9 9 9 9 9 9 9 9 8 8 8 8 8 8
 9 9 9 9 9 9 9 9 8 8 8 8 8 8 8
 9 9 9 9 9 9 9 9 9 8 8 8 8 8 8
 9 9 9 9 9 9 9 9 9 9 8 8 8 8 8
 9 9 9 9 9 9 9 9 9 9 9 8 8 8 8
 9 9 9 9 9 9 9 9 9 9 9 9 8 8 8
# Turn information for samurai of side 1 with weapon 1
# <turn>
26
# <cure period>
0
# Samurai states: <position x> <position y> <hiding>
13 9 0
13 2 1
5 4 1
-1 -1 1
-1 -1 1
-1 -1 1
# Battle field states
 9 9 9 9 2 8 2 9 9 9 8 8 1 1 8
 9 9 9 8 2 2 2 8 9 8 8 8 1 1 1
 9 9 8 8 2 2 2 8 8 8 8 1 1 1 1
 9 8 8 8 2 2 2 8 8 8 8 8 1 1 1
 8 8 8 8 2 2 2 8 8 8 8 8 8 1 1
 9 3 3 3 2 2 2 8 8 8 9 8 8 0 0
 9 9 3 3 3 8 8 8 8 9 9 8 8 0 0
 9 9 9 3 3 8 8 8 9 9 8 8 8 0 0
 9 9 9 9 3 8 8 9 9 8 8 8 8 0 0
 9 9 9 9 9 8 9 9 8 8 8 8 8 8 8
 9 9 9 9 9 9 9 9 9 8 8 8 8 8 0
 9 9 9 9 9 9 9 9 9 9 8 8 8 8 8
 9 9 9 9 9 9 9 9 9 9 9 8 8 8 8
 9 9 9 9 9 9 9 9 9 9 9 9 8 8 8
 9 9 9 9 9 9 9 9 9 9 9 9 9 8 9
# Turn information for samurai of side 1 with weapon 1
# <turn>
33
# <cure period>
0
# Samurai states: <position x> <position y> <hiding>
13 8 0
12 2 0
5 5 0
-1 -1 1
-1 -1 1
-1 -1 1
# Battle field states
 9 9 9 9 9 8 9 9 9 8 8 8 1 1 8
 9 9 9 9 2 2 2 9 8 8 8 8 1 1 1
 9 9 9 8 2 2 2 8 8 8 1 1 1 1 1
 9 9 8 8 2 2 2 8 8 8 8 1 1 1 1
 9 8 8 8 2 2 2 8 8 8 8 8 1 1 1
 8 3 3 3 2 2 2 8 8 8 8 8 8 0 0
 9 3 3 3 2 2 2 8 8 8 8 8 8 0 0
 9 9 3 3 3 8 8 8 8 8 8 8 8 0 0
 9 9 9 3 3 8 8 8 8 8 8 8 8 0 0
 9 9 9 9 3 8 8 9 9 8 8 8 8 0 8
 9 9 9 9 9 8 9 9 9 9 8 8 8 0 0
 9 9 9 9 9 9 9 9 9 9 9 8 8 0 8
 9 9 9 9 9 9 9 9 9 9 9 9 8 0 8
 9 9 9 9 9 9 9 9 9 9 9 9 9 8 9
 9 9 9 9 9 9 9 9 9 9 9 9 9 9 9
# Turn information for samurai of side 1 with weapon 1
# <turn>
38
# <cure period>
0
# Samurai states: <position x> <position y> <hiding>
13 9 0
11 2 1
5 6 1
-1 -1 1
-1 -1 1
-1 -1 1
# Battle field states
 9 9 9 9 9 9 9 9 8 8 8 1 1 1 8
 9 9 9 9 9 2 9 8 8 8 1 1 1 1 1
 9 9 9 9 2 2 2 8 8 1 1 1 1 1 1
 9 9 9 8 2 2 2 8 8 8 8 1 1 1 1
 9 9 8 8 2 2 2 8 8 8 8 8 1 1 1
 9 3 3 3 2 2 2 8 8 8 8 8 8 0 0
 3 3 3 3 2 2 2 8 8 8 8 8 8 0 0
 9 3 3 3 2 2 2 8 8 8 8 8 8 0 0
 9 9 3 3 3 8 8 8 8 8 8 8 8 0 0
 9 9 9 3 3 8 8 8 8 8 8 8 8 0 8
 9 9 9 9 3 8 8 9 9 8 8 8 8 0 0
 9 9 9 9 9 8 9 9 9 9 8 8 8 0 8
 9 9 9 9 9 9 9 9 9 9 9 8 8 0 8
 9 9 9 9 9 9 9 9 9 9 9 9 8 8 8
 9 9 9 9 9 9 9 9 9 9 9 9 9 8 9
# Turn information for samurai of side 1 with weapon 1
# <turn>
45
# <cure period>
0
# Samurai states: <position x> <position y> <hiding>
14 9 0
11 3 0
5 7 0
-1 -1 1
-1 -1 1
-1 -1 1
# Battle field states
 9 9 9 9 9 9 9 9 9 8 8 1 1 1 9
 9 9 9 9 9 9 9 9 8 8 1 1 1 1 1
 9 9 9 9 9 2 9 8 8 1 1 1 1 1 1
 9 9 9 9 2 2 2 8 8 1 1 1 1 1 1
 9 9 9 8 2 2 2 8 8 8 1 1 1 1 1
 9 9 3 3 2 2 2 8 8 8 8 1 8 0 0
 9 3 3 3 2 2 2 8 8 8 8 8 8 0 0
 3 3 3 3 2 2 2 8 8 8 8 8 8 0 0
 9 3 3 3 2 2 2 8 8 8 8 8 8 0 0
 9 9 3 3 3 8 8 8 8 8 8 8 8 0 8
 9 9 9 3 3 4 8 8 9 9 8 8 8 0 0
 9 9 9 9 3 4 4 9 9 9 9 8 8 0 8
 9 9 9 9 9 4 9 9 9 9 9 9 8 0 8
 9 9 9 9 9 9 9 9 9 9 9 9 9 0 8
 9 9 9 9 9 9 9 9 9 9 9 9 9 9 8
# Turn information for samurai of side 1 with weapon 1
# <turn>
50
# <cure period>
0
# Samurai states: <position x> <position y> <hiding>
13 9 1
11 4 1
5 8 1
-1 -1 1
-1 -1 1
-1 -1 1
# Battle field states
 9 9 9 9 9 9 9 9 9 9 8 1 1 9 9
 9 9 9 9 9 9 9 9 9 8 1 1 1 1 9
 9 9 9 9 9 9 9 9 8 1 1 1 1 1 1
 9 9 9 9 9 2 9 8 8 1 1 1 1 1 1
 9 9 9 9 2 2 2 8 8 1 1 1 1 1 1
 9 9 9 3 2 2 2 8 8 8 1 1 8 0 0
 9 9 3 3 2 2 2 8 8 8 8 1 8 0 0
 9 3 3 3 2 2 2 8 8 8 8 8 8 0 0
 3 3 3 3 2 2 2 8 8 8 8 8 8 0 0
 9 3 3 3 2 2 2 8 8 8 8 8 8 0 8
 9 9 3 3 3 4 8 8 8 8 8 8 8 0 0
 9 9 9 3 3 4 4 8 9 9 8 8 8 0 8
 9 9 9 9 4 4 4 9 9 9 9 8 8 0 8
 9 9 9 9 9 4 9 9 9 9 9 9 8 0 8
 9 9 9 9 9 9 9 9 9 9 9 9 9 8 9
# Turn information for samurai of side 1 with weapon 1
# <turn>
57
# <cure period>
0
# Samurai states: <position x> <position y> <hiding>
13 8 1
11 5 0
5 9 0
-1 -1 1
-1 -1 1
-1 -1 1
# Battle field states
 9 9 9 9 9 9 9 9 9 9 9 1 9 9 9
 9 9 9 9 9 9 9 9 9 9 1 1 1 9 9
 9 9 9 9 9 9 9 9 9 1 1 1 1 1 9
 9 9 9 9 9 9 9 9 8 1 1 1 1 1 1
 9 9 9 9 9 2 9 8 8 1 1 1 1 1 1
 9 9 9 9 2 2 2 8 8 8 1 1 1 1 0
 9 9 9 3 2 2 2 8 8 8 8 1 1 0 0
 9 9 3 3 2 2 2 8 8 8 8 1 8 0 0
 9 3 3 3 2 2 2 8 8 8 8 8 8 0 0
 3 3 3 3 2 2 4 8 8 8 8 8 8 0 8
 9 3 3 3 2 2 4 4 8 8 8 8 8 0 0
 9 9 3 3 3 4 4 4 4 9 9 8 8 0 8
 9 9 9 3 3 4 4 4 9 9 9 9 8 0 8
 9 9 9 9 4 4 4 9 9 9 9 9 9 0 9
 9 9 9 9 9 4 9 9 9 9 9 9 9 9 9
# Turn information for samurai of side 1 with weapon 1
# <turn>
62
# <cure period>
0
# Samurai states: <position x> <position y> <hiding>
13 7 1
10 5 1
5 10 1
-1 -1 1
-1 -1 1
-1 -1 1
# Battle field states
 9 9 9 9 9 9 9 9 9 9 8 9 9 9 9
 9 9 9 9 9 9 9 9 9 8 1 1 9 9 9
 9 9 9 9 9 9 9 9 8 1 1 1 1 1 9
 9 9 9 9 9 9 9 8 8 1 1 1 1 1 1
 9 9 9 9 9 9 2 8 8 1 1 1 1 1 1
 9 9 9 9 9 2 2 8 1 1 1 1 1 1 0
 9 9 9 9 2 2 2 8 8 1 1 1 1 0 0
 9 9 9 3 2 2 2 8 8 8 1 1 8 0 0
 9 9 3 3 2 2 2 8 8 8 8 8 8 0 0
 9 3 3 3 2 2 2 8 8 8 8 8 8 0 8
 3 3 3 3 2 2 2 4 8 8 8 8 8 0 0
 9 3 3 3 3 2 2 4 4 8 9 9 8 0 8
 9 9 3 3 3 4 4 5 5 9 9 9 9 0 9
 9 9 9 4 4 4 4 5 9 9 9 9 9 9 9
 9 9 9 9 4 4 4 9 9 9 9 9 9 9 9
# Turn information for samurai of side 1 with weapon 1
# <turn>
69
# <cure period>
0
# Samurai states: <position x> <position y> <hiding>
14 5 1
10 6 0
5 0 0
-1 -1 1
-1 -1 1
-1 -1 1
# Battle field states
 8 8 8 8 2 8 2 8 8 8 8 9 9 9 8
 9 8 8 8 2 2 2 8 8 8 1 9 9 1 1
 9 9 8 8 2 2 2 8 8 1 1 1 1 1 1
 9 9 9 8 2 2 2 8 8 1 1 1 1 1 1
 9 9 9 9 2 2 2 8 8 1 1 1 1 1 1
 9 9 9 9 9 2 2 8 1 1 1 1 1 1 0
 9 9 9 9 9 2 2 8 1 1 1 1 1 0 0
 9 9 9 9 9 9 2 8 8 1 1 1 8 0 0
 9 9 9 9 9 9 9 8 8 8 1 8 8 0 0
 9 9 9 9 9 9 9 9 8 8 8 8 8 0 8
 9 9 9 9 9 9 9 9 9 8 8 8 9 9 0
 9 9 9 9 9 9 9 9 9 9 8 9 9 9 9
 9 9 9 9 9 9 9 9 9 9 9 9 9 9 9
 9 9 9 9 9 9 9 9 9 9 9 9 9 9 9
 9 9 9 9 9 9 9 9 9 9 9 9 9 9 9
# Turn information for samurai of side 1 with weapon 1
# <turn>
74
# <cure period>
0
# Samurai states: <position x> <position y> <hiding>
14 6 0
10 7 1
5 0 0
-1 -1 1
-1 -1 1
-1 -1 1
# Battle field states
 8 8 8 8 2 8 2 8 8 8 8 9 9 9 9
 9 8 8 8 2 2 2 8 8 8 9 9 9 9 1
 9 9 8 8 2 2 2 8 8 9 1 9 9 1 1
 9 9 9 8 2 2 2 8 9 1 1 1 1 1 1
 9 9 9 9 2 2 2 9 8 1 1 1 1 1 1
 9 9 9 9 9 2 9 8 1 1 1 1 1 1 0
 9 9 9 9 9 9 2 8 1 1 1 1 1 0 0
 9 9 9 9 9 2 2 8 8 1 1 1 1 0 0
 9 9 9 9 9 9 2 8 8 8 1 1 8 0 0
 9 9 9 9 9 9 9 8 8 8 1 8 8 0 0
 9 9 9 9 9 9 9 9 8 8 8 8 8 0 0
 9 9 9 9 9 9 9 9 9 8 8 8 9 9 8
 9 9 9 9 9 9 9 9 9 9 5 9 9 9 9
 9 9 9 9 9 9 9 9 9 9 9 9 9 9 9
 9 9 9 9 9 9 9 9 9 9 9 9 9 9 9
# Turn information for samurai of side 1 with weapon 1
# <turn>
81
# <cure period>
0
# Samurai states: <position x> <position y> <hiding>
14 5 0
9 7 0
5 0 0
-1 -1 1
-1 -1 1
-1 -1 1
# Battle field states
 8 8 8 8 2 8 2 8 8 8 8 9 9 9 8
 9 8 8 8 2 2 2 8 8 8 9 9 9 1 1
 9 9 8 8 2 2 2 8 8 1 9 9 1 1 1
 9 9 9 8 2 2 2 8 8 1 1 1 1 1 1
 9 9 9 9 2 2 2 8 8 1 1 1 1 1 1
 9 9 9 9 9 2 2 8 1 1 1 1 1 1 0
 9 9 9 9 9 2 2 8 1 1 0 0 0 0 0
 9 9 9 9 2 2 2 1 1 1 1 1 1 0 0
 9 9 9 9 9 2 2 8 1 1 1 1 8 0 0
 9 9 9 9 9 9 2 8 8 1 1 8 8 0 0
 9 9 9 9 9 9 9 4 8 8 8 8 9 9 0
 9 9 9 9 9 9 9 9 4 8 8 9 9 9 9
 9 9 9 9 9 9 9 9 9 5 9 9 9 9 9
 9 9 9 9 9 9 9 9 9 9 9 9 9 9 9
 9 9 9 9 9 9 9 9 9 9 9 9 9 9 9
# Turn information for samurai of side 1 with weapon 1
# <turn>
86
# <cure period>
0
# Samurai states: <position x> <position y> <hiding>
12 6 1
9 8 1
5 0 0
-1 -1 1
-1 -1 1
-1 -1 1
# Battle field states
 8 8 8 8 2 8 2 8 8 8 8 9 9 9 9
 9 8 8 8 2 2 2 8 8 8 9 9 1 9 9
 9 9 8 8 2 2 2 8 8 9 9 1 1 1 9
 9 9 9 8 2 2 2 8 9 1 1 1 1 1 1
 9 9 9 9 2 2 2 9 8 1 1 1 1 1 1
 9 9 9 9 9 2 9 8 1 1 1 1 1 1 0
 9 9 9 9 9 9 2 8 1 1 0 0 0 0 0
 9 9 9 9 9 2 2 1 1 1 1 1 1 0 0
 9 9 9 9 3 3 2 1 1 1 1 1 8 0 0
 9 9 9 9 9 3 2 8 1 1 1 8 8 0 0
 9 9 9 9 9 9 2 4 8 1 8 8 8 0 9
 9 9 9 9 9 9 9 4 4 8 8 8 8 9 9
 9 9 9 9 9 9 9 9 5 5 5 9 9 9 9
 9 9 9 9 9 9 9 9 9 5 9 9 9 9 9
 9 9 9 9 9 9 9 9 9 9 9 9 9 9 9
# Turn information for samurai of side 1 with weapon 1
# <turn>
93
# <cure period>
0
# Samurai states: <position x> <position y> <hiding>
12 3 1
9 9 0
4 0 1
-1 -1 1
-1 -1 1
-1 -1 1
# Battle field states
 8 8 8 2 2 2 2 8 8 8 8 1 1 1 8
 8 8 8 2 2 2 2 8 8 8 1 1 1 1 1
 9 8 8 8 2 2 2 8 8 1 1 1 1 1 1
 9 9 8 8 2 2 2 8 8 1 1 1 1 1 1
 9 9 9 8 2 2 9 9 8 1 1 1 1 1 1
 9 9 9 9 2 9 9 9 1 1 1 1 1 1 0
 9 9 9 9 9 9 9 8 1 1 0 0 0 0 0
 9 9 9 9 9 9 2 1 1 1 1 1 1 0 9
 9 9 9 9 9 3 2 1 1 1 1 1 8 0 9
 9 9 9 9 3 3 2 8 1 1 1 1 8 0 0
 9 9 9 9 9 3 2 4 8 1 1 8 8 0 9
 9 9 9 9 9 9 2 4 4 1 8 8 8 9 9
 9 9 9 9 9 9 9 5 5 5 5 5 9 9 9
 9 9 9 9 9 9 9 9 5 5 5 9 9 9 9
 9 9 9 9 9 9 9 9 9 5 9 9 9 9 9
# Turn information for samurai of side 1 with weapon 1
# <turn>
98
# <cure period>
0
# Samurai states: <position x> <position y> <hiding>
14 2 0
8 9 1
3 0 0
-1 -1 1
-1 -1 1
-1 -1 1
# Battle field states
 8 8 2 2 2 2 2 8 8 9 9 1 1 1 8
 8 8 2 2 2 2 2 8 9 9 1 1 1 1 1
 8 3 8 8 2 2 2 9 9 1 1 1 1 1 1
 9 3 8 8 2 2 9 9 9 9 1 1 1 1 1
 9 9 8 8 2 9 9 9 8 9 9 1 1 1 1
 9 9 9 3 9 9 9 8 1 1 9 9 1 1 0
 9 9 9 9 9 9 2 8 1 1 0 9 9 0 0
 9 9 9 9 9 3 2 1 1 1 1 1 9 9 0
 9 9 9 9 3 3 2 1 1 1 1 1 8 9 9
 9 9 9 3 3 3 1 1 1 1 1 1 8 0 9
 9 9 9 9 3 3 2 1 1 1 1 8 8 9 9
 9 9 9 9 9 3 2 4 1 1 8 8 9 9 9
 9 9 9 9 9 9 2 5 5 5 5 9 9 9 9
 9 9 9 9 9 9 9 5 5 5 9 9 9 9 9
 9 9 9 9 9 9 9 9 5 9 9 9 9 9 9
# Turn information for samurai of side 1 with weapon 1
# <turn>
105
# <cure period>
0
# Samurai states: <position x> <position y> <hiding>
14 1 1
8 10 0
2 0 1
-1 -1 1
-1 -1 1
-1 -1 1
# Battle field states
 8 2 2 2 2 2 2 8 9 9 8 1 1 1 8
 8 2 2 2 2 2 2 9 9 8 1 1 1 1 1
 8 3 8 8 2 2 9 9 9 9 1 1 1 1 1
 8 3 8 8 2 9 9 9 9 9 9 1 1 1 0
 9 3 8 8 9 9 9 9 9 9 9 9 1 1 0
 9 9 3 9 9 9 9 9 1 9 9 9 9 1 0
 9 9 9 9 9 9 9 8 1 1 9 9 9 9 0
 9 9 9 9 9 9 2 1 1 1 1 9 9 9 9
 9 9 9 9 9 3 2 1 1 1 1 1 9 9 9
 9 9 9 9 3 3 1 1 1 1 1 1 8 9 9
 9 9 9 4 3 3 1 1 1 1 1 8 8 0 9
 9 9 9 9 4 3 2 1 1 1 8 8 8 9 9
 9 9 9 9 9 4 2 5 1 5 5 5 9 9 9
 9 9 9 9 9 9 4 5 5 5 5 9 9 9 9
 9 9 9 9 9 9 9 5 5 5 9 9 9 9 9
# Turn information for samurai of side 1 with weapon 1
# <turn>
110
# <cure period>
0
# Samurai states: <position x> <position y> <hiding>
13 1 0
8 11 1
5 0 0
-1 -1 1
-1 -1 1
12 12 0
# Battle field states
 8 2 2 2 2 2 2 8 8 8 8 1 1 1 8
 9 2 3 2 2 2 2 8 8 8 1 1 1 1 1
 9 9 3 2 2 2 2 8 8 1 1 1 1 1 1
 9 9 9 8 2 2 2 8 9 9 1 1 1 1 0
 9 9 9 9 2 2 2 9 9 9 9 1 1 1 0
 9 9 9 9 9 2 9 9 9 9 9 9 1 1 0
 9 9 9 9 9 9 9 9 1 9 9 9 9 0 9
 9 9 9 9 9 9 9 1 1 1 9 9 9 9 9
 9 9 9 9 9 9 2 1 1 1 1 9 9 9 9
 9 9 9 9 9 3 1 1 1 1 1 1 9 9 9
 9 9 9 9 3 3 1 1 1 1 1 8 8 9 9
 9 9 9 4 4 3 2 1 1 1 1 8 8 5 9
 9 9 9 9 4 4 2 5 1 1 5 5 5 9 9
 9 9 9 9 9 4 4 5 1 5 5 8 9 9 9
 9 9 9 9 9 9 4 5 5 5 5 9 9 9 9
# Turn information for samurai of side 1 with weapon 1
# <turn>
117
# <cure period>
0
# Samurai states: <position x> <position y> <hiding>
12 1 0
7 11 0
5 0 0
-1 -1 1
-1 -1 1
-1 -1 1
# Battle field states
 8 2 2 2 2 2 2 8 8 8 8 1 0 1 8
 9 2 3 2 2 2 2 8 8 8 1 1 1 1 1
 9 9 3 2 2 2 2 8 8 1 1 1 1 1 1
 9 9 9 8 2 2 2 8 9 1 1 1 1 1 0
 9 9 9 9 2 2 2 9 9 9 1 1 1 1 0
 9 9 9 9 9 3 9 9 9 9 9 1 1 1 9
 9 9 9 9 9 9 9 8 9 9 9 9 0 9 9
 9 9 9 9 9 9 2 1 1 9 9 9 9 9 9
 9 9 9 9 9 3 2 1 1 1 9 9 9 9 9
 9 9 9 9 4 3 1 1 1 1 1 9 9 9 9
 9 9 9 4 4 4 1 1 1 1 1 8 9 9 9
 9 9 4 4 4 4 4 1 1 1 1 5 5 9 9
 9 9 9 4 4 4 1 1 1 1 5 5 9 9 9
 9 9 9 9 4 4 4 1 1 5 5 9 9 9 9
 9 9 9 9 9 4 4 5 5 5 9 9 9 9 9
# Turn information for samurai of side 1 with weapon 1
# <turn>
122
# <cure period>
0
# Samurai states: <position x> <position y> <hiding>
13 1 1
6 11 0
5 0 0
-1 -1 1
-1 -1 1
-1 -1 1
# Battle field states
 8 2 2 2 2 2 2 8 8 8 8 1 0 1 8
 9 2 3 3 2 2 2 8 8 8 1 1 1 1 1
 9 9 3 3 2 2 2 8 8 1 1 1 0 1 1
 9 9 9 3 2 2 2 8 9 9 1 1 0 1 0
 9 9 9 9 2 2 2 9 9 9 9 1 0 1 0
 9 9 9 9 9 3 9 9 9 9 9 9 0 1 0
 9 9 9 9 9 9 3 9 9 9 9 9 9 0 9
 9 9 9 9 9 3 2 1 9 9 9 9 9 9 9
 9 9 9 9 3 3 2 1 1 9 9 9 9 9 9
 9 9 9 4 4 3 1 1 1 1 9 9 9 9 9
 9 9 4 4 4 4 1 1 1 1 1 9 9 9 9
 9 4 4 4 1 1 4 1 1 1 1 5 9 9 9
 9 9 4 4 4 1 1 1 1 1 5 9 9 9 9
 9 9 9 4 4 4 1 1 1 5 9 9 9 9 9
 9 9 9 9 4 4 4 5 5 9 9 9 9 9 9
# Turn information for samurai of side 1 with weapon 1
# <turn>
129
# <cure period>
0
# Samurai states: <position x> <position y> <hiding>
12 1 0
5 11 1
5 0 0
-1 -1 1
-1 -1 1
-1 -1 1
# Battle field states
 8 2 2 2 2 2 2 8 8 8 8 1 0 1 8
 9 2 3 3 3 2 2 8 8 8 1 1 1 1 1
 9 9 3 3 3 2 2 8 8 1 1 1 0 1 1
 9 9 9 3 3 2 2 8 9 1 1 1 0 1 0
 9 9 9 9 3 2 2 9 9 9 1 1 0 1 0
 9 9 9 9 9 3 9 9 9 9 9 1 0 1 9
 9 9 9 9 9 3 9 9 9 9 9 9 0 9 9
 9 9 9 9 3 3 2 9 9 9 9 9 9 9 9
 9 9 9 3 3 3 2 1 9 9 9 9 9 9 9
 9 9 4 4 4 1 1 1 1 9 9 9 9 9 9
 9 4 4 4 1 1 1 1 1 1 9 9 9 9 9
 4 4 4 1 1 1 4 1 1 1 1 9 9 9 9
 9 4 4 4 4 1 1 1 1 1 9 9 9 9 9
 9 9 4 4 4 4 1 1 1 9 9 9 9 9 9
 9 9 9 4 4 4 4 5 9 9 9 9 9 9 9
# Turn information for samurai of side 1 with weapon 1
# <turn>
134
# <cure period>
0
# Samurai states: <position x> <position y> <hiding>
13 1 0
5 12 0
5 0 0
-1 -1 1
-1 -1 1
-1 -1 1
# Battle field states
 8 2 2 2 2 2 2 8 8 8 8 1 0 1 8
 9 2 3 3 2 3 2 8 8 8 1 1 1 1 1
 9 9 3 3 2 3 2 8 8 1 1 1 0 1 1
 9 9 9 3 3 3 2 8 9 9 1 1 0 1 0
 9 9 9 9 3 3 2 9 9 9 9 1 0 1 0
 9 9 9 9 9 3 9 9 9 9 9 9 0 1 0
 9 9 9 9 9 9 9 9 9 9 9 9 9 0 9
 9 9 9 9 9 3 9 9 9 9 9 9 9 9 9
 9 9 9 9 3 3 2 9 9 9 9 9 9 9 9
 9 9 9 4 4 1 1 1 9 9 9 9 9 9 9
 9 9 4 4 1 1 1 1 1 9 9 9 9 9 9
 9 4 4 1 1 1 4 1 1 1 9 9 9 9 9
 4 4 4 1 1 1 1 1 1 1 5 9 9 9 9
 9 4 4 4 1 1 1 1 1 5 9 9 9 9 9
 9 9 4 4 4 1 4 5 5 9 9 9 9 9 9
# Turn information for samurai of side 1 with weapon 1
# <turn>
141
# <cure period>
0
# Samurai states: <position x> <position y> <hiding>
14 1 0
4 12 1
5 0 0
-1 -1 1
-1 -1 1
-1 -1 1
# Battle field states
 8 2 2 2 2 2 2 8 8 8 8 1 0 1 8
 9 2 3 3 2 3 3 8 8 8 0 0 0 0 1
 9 9 3 3 2 3 3 8 8 9 1 1 0 1 1
 9 9 9 3 3 3 3 8 9 9 9 1 0 1 0
 9 9 9 9 3 3 3 9 9 9 9 9 0 1 0
 9 9 9 9 9 3 9 9 9 9 9 9 9 1 0
 9 9 9 9 9 9 9 9 9 9 9 9 9 9 0
 9 9 9 9 3 9 9 9 9 9 9 9 9 9 9
 9 9 9 3 3 3 9 9 9 9 9 9 9 9 9
 9 9 4 4 4 1 1 9 9 9 9 9 9 9 9
 9 4 4 4 1 1 1 1 9 9 9 9 9 9 9
 4 4 4 1 1 1 4 1 1 9 9 9 9 9 9
 4 4 1 1 1 1 1 1 1 1 9 9 9 9 9
 4 4 4 1 1 1 1 1 1 9 9 9 9 9 9
 9 4 4 4 1 1 4 5 9 9 9 9 9 9 9
# Turn information for samurai of side 1 with weapon 1
# <turn>
146
# <cure period>
0
# Samurai states: <position x> <position y> <hiding>
14 1 0
4 11 0
5 0 0
-1 -1 1
-1 -1 1
-1 -1 1
# Battle field states
 8 2 2 2 2 2 2 8 8 8 8 1 0 1 8
 9 2 3 3 2 3 3 8 8 8 0 0 0 0 1
 9 9 3 3 2 3 3 8 8 9 1 1 0 1 0
 9 9 9 3 3 3 3 8 9 9 9 1 0 1 0
 9 9 9 9 3 3 3 9 9 9 9 9 0 1 0
 9 9 9 9 9 3 9 9 9 9 9 9 9 1 0
 9 9 9 9 3 9 9 9 9 9 9 9 9 9 0
 9 9 9 3 3 3 9 9 9 9 9 9 9 9 9
 9 9 3 3 3 3 3 9 9 9 9 9 9 9 9
 9 3 4 4 1 1 3 1 9 9 9 9 9 9 9
 4 4 4 1 1 1 3 1 1 9 9 9 9 9 9
 4 4 1 1 1 1 4 1 1 1 9 9 9 9 9
 4 4 1 1 1 1 1 1 1 9 9 9 9 9 9
 9 4 4 1 1 1 1 1 9 9 9 9 9 9 9
 9 9 4 4 1 1 4 9 9 9 9 9 9 9 9
# Turn information for samurai of side 1 with weapon 1
# <turn>
153
# <cure period>
0
# Samurai states: <position x> <position y> <hiding>
13 0 1
4 10 1
5 0 0
-1 -1 1
-1 -1 1
-1 -1 1
# Battle field states
 8 2 2 2 2 2 2 8 8 8 8 1 0 1 8
 9 2 3 3 2 3 3 8 8 8 0 0 0 0 1
 9 9 3 3 2 3 3 8 8 9 1 1 0 1 0
 9 9 9 3 3 3 3 8 9 9 9 1 0 1 0
 9 9 9 9 3 3 3 9 9 9 9 9 0 1 0
 9 9 9 9 3 3 9 9 9 9 9 9 9 1 9
 9 9 9 3 3 3 9 9 9 9 9 9 9 9 9
 9 9 3 3 3 3 3 9 9 9 9 9 9 9 9
 9 3 3 3 1 3 3 1 9 9 9 9 9 9 9
 3 3 4 1 1 1 3 1 1 9 9 9 9 9 9
 4 4 1 1 1 1 3 1 1 1 9 9 9 9 9
 4 4 1 1 1 1 4 1 1 9 9 9 9 9 9
 9 4 4 4 1 1 1 1 9 9 9 9 9 9 9
 9 9 4 4 4 1 1 9 9 9 9 9 9 9 9
 9 9 9 4 4 4 9 9 9 9 9 9 9 9 9
# Turn information for samurai of side 1 with weapon 1
# <turn>
158
# <cure period>
0
# Samurai states: <position x> <position y> <hiding>
13 1 0
5 10 0
6 0 1
6 7 0
-1 -1 1
-1 -1 1
# Battle field states
 9 2 2 2 2 2 2 2 8 8 8 1 0 1 8
 9 9 3 3 2 2 2 2 8 8 0 0 0 0 0
 9 9 9 3 2 3 3 8 8 1 1 1 0 1 0
 9 9 9 9 3 3 3 8 8 9 1 1 0 1 0
 9 9 9 9 9 3 3 8 9 9 9 1 0 1 0
 9 9 9 9 9 3 3 9 9 9 9 9 0 1 0
 9 9 9 9 3 3 3 9 9 9 9 9 9 0 9
 9 9 9 3 3 3 3 3 9 9 9 9 9 9 9
 9 9 3 3 1 1 3 1 1 9 9 9 9 9 9
 9 3 4 1 1 1 1 1 1 1 9 9 9 9 9
 4 4 1 1 1 1 1 1 1 1 1 9 9 9 9
 9 4 1 1 1 1 4 1 1 1 9 9 9 9 9
 9 9 4 4 1 1 1 1 1 9 9 9 9 9 9
 9 9 9 4 4 1 1 1 9 9 9 9 9 9 9
 9 9 9 9 4 4 4 9 9 9 9 9 9 9 9
# Turn information for samurai of side 1 with weapon 1
# <turn>
165
# <cure period>
0
# Samurai states: <position x> <position y> <hiding>
13 1 1
5 9 1
6 1 0
-1 -1 1
-1 -1 1
-1 -1 1
# Battle field states
 9 9 2 2 2 2 2 2 8 8 8 1 0 1 8
 9 2 3 3 2 2 2 2 8 8 0 0 0 0 0
 9 9 3 3 2 2 2 2 8 1 1 1 0 1 0
 9 9 9 3 3 3 3 8 8 1 1 1 0 1 0
 9 9 9 9 3 3 3 8 8 9 9 1 0 1 0
 9 9 9 9 3 3 3 3 9 9 9 9 0 1 0
 9 9 9 3 3 3 3 3 9 9 9 9 9 5 9
 9 9 3 3 3 1 3 3 3 9 9 9 9 9 9
 9 3 3 3 1 1 1 3 1 1 9 9 9 9 9
 3 3 4 1 1 1 1 3 1 1 1 9 9 9 9
 9 4 1 1 1 1 1 3 1 1 9 9 9 9 9
 9 9 1 4 4 1 4 3 1 9 9 9 9 9 9
 9 9 9 4 4 4 1 1 9 9 9 9 9 9 9
 9 9 9 9 4 4 4 9 9 9 9 9 9 9 9
 9 9 9 9 9 4 9 9 9 9 9 9 9 9 9
# Turn information for samurai of side 1 with weapon 1
# <turn>
170
# <cure period>
0
# Samurai states: <position x> <position y> <hiding>
13 0 0
5 10 0
6 2 1
7 8 0
-1 -1 1
-1 -1 1
# Battle field states
 9 9 9 2 2 2 2 2 8 8 8 1 0 1 8
 9 9 3 3 2 2 2 2 8 8 0 0 0 0 0
 9 2 3 3 2 2 2 2 8 1 1 1 0 1 0
 9 9 3 3 3 2 2 2 8 1 1 1 0 1 0
 9 9 9 3 3 3 3 8 8 1 9 9 0 1 0
 9 9 9 9 3 3 3 3 1 9 9 9 9 1 9
 9 9 9 9 3 3 3 3 9 9 9 9 9 9 9
 9 9 9 3 3 1 3 3 9 9 9 9 9 9 9
 9 9 3 3 1 1 1 3 3 9 9 9 9 9 9
 9 3 4 1 1 1 1 3 1 1 9 9 9 9 9
 4 4 1 1 1 1 1 1 1 1 1 9 9 9 9
 9 4 1 4 4 1 1 3 1 1 9 9 9 9 9
 9 9 4 4 4 1 1 1 1 9 9 9 9 9 9
 9 9 9 4 4 4 4 1 9 9 9 9 9 9 9
 9 9 9 9 4 4 4 9 9 9 9 9 9 9 9
# Turn information for samurai of side 1 with weapon 1
# <turn>
177
# <cure period>
14
# Samurai states: <position x> <position y> <hiding>
12 2 0
14 0 0
6 3 0
-1 -1 1
-1 -1 1
-1 -1 1
# Battle field states
 9 9 9 9 2 2 2 2 8 8 8 1 0 1 8
 9 9 9 3 2 2 2 2 8 8 0 0 0 0 0
 9 9 3 3 2 2 2 2 8 1 1 1 0 1 0
 9 3 3 3 3 2 2 2 8 1 1 1 0 1 0
 9 9 3 3 3 2 2 2 8 1 1 1 0 1 0
 9 9 9 3 3 3 3 3 1 1 1 1 0 1 0
 9 9 9 9 3 3 3 3 3 9 9 0 5 5 9
 9 9 9 9 9 1 3 3 9 9 9 9 5 9 9
 9 9 9 9 9 9 1 9 9 9 9 9 9 9 9
 9 9 9 9 9 9 9 9 9 9 9 9 9 9 9
 9 9 9 9 9 9 9 9 9 9 9 9 9 9 9
 9 9 9 9 9 9 9 9 9 9 9 9 9 9 9
 9 9 9 9 9 9 9 9 9 9 9 9 9 9 9
 9 9 9 9 9 9 9 9 9 9 9 9 9 9 9
 9 9 9 9 9 9 9 9 9 9 9 9 9 9 9
# Turn information for samurai of side 1 with weapon 1
# <turn>
182
# <cure period>
9
# Samurai states: <position x> <position y> <hiding>
11 2 0
14 0 0
6 4 1
-1 -1 1
-1 -1 1
-1 -1 1
# Battle field states
 9 9 9 9 9 2 2 2 8 8 8 1 0 1 8
 9 9 9 9 2 2 2 2 8 8 0 0 0 0 0
 9 9 9 3 2 2 2 2 8 1 1 1 0 0 0
 9 9 3 3 3 2 2 2 8 1 1 1 0 1 0
 9 3 3 3 3 2 2 2 8 1 1 1 0 1 0
 9 9 3 3 3 2 2 2 1 1 1 1 0 1 0
 9 9 9 3 3 3 3 3 3 3 3 0 5 9 9
 9 9 9 9 3 1 3 3 3 9 9 1 9 9 9
 9 9 9 9 9 1 1 3 9 9 9 9 9 9 9
 9 9 9 9 9 9 1 9 9 9 9 9 9 9 9
 9 9 9 9 9 9 9 9 9 9 9 9 9 9 9
 9 9 9 9 9 9 9 9 9 9 9 9 9 9 9
 9 9 9 9 9 9 9 9 9 9 9 9 9 9 9
 9 9 9 9 9 9 9 9 9 9 9 9 9 9 9
 9 9 9 9 9 9 9 9 9 9 9 9 9 9 9
# Turn information for samurai of side 1 with weapon 1
# <turn>
189
# <cure period>
2
# Samurai states: <position x> <position y> <hiding>
10 2 0
14 0 0
6 5 0
-1 -1 1
-1 -1 1
-1 -1 1
# Battle field states
 9 9 9 9 9 9 2 2 8 8 8 1 0 1 8
 9 9 9 9 9 2 2 2 8 8 0 0 0 0 0
 9 9 9 9 2 2 2 2 8 1 1 1 0 0 0
 9 9 9 3 3 2 2 2 8 1 1 0 0 1 0
 9 9 3 3 3 2 2 2 8 1 1 0 0 1 0
 9 3 3 3 3 2 2 2 1 1 1 0 0 9 0
 9 9 3 3 3 2 2 2 3 3 3 0 9 9 9
 9 9 9 3 3 1 3 3 3 3 3 9 9 9 9
 9 9 9 9 1 4 1 3 3 9 9 9 9 9 9
 9 9 9 9 9 4 4 3 9 9 9 9 9 9 9
 9 9 9 9 9 9 4 9 9 9 9 9 9 9 9
 9 9 9 9 9 9 9 9 9 9 9 9 9 9 9
 9 9 9 9 9 9 9 9 9 9 9 9 9 9 9
 9 9 9 9 9 9 9 9 9 9 9 9 9 9 9
 9 9 9 9 9 9 9 9 9 9 9 9 9 9 9
