# <# turns> <side> <weapon> <width> <height> <cure period>
510 0 0 15 15 30
# Home positions
0 5
0 14
9 14
14 9
14 0
5 0
# Ranks and scores of samurai
2 40
5 24
3 31
1 80
0 93
4 28
# Turn information for samurai of side 0 with weapon 0
# <turn>
0
# <cure period>
0
# Samurai states: <position x> <position y> <hiding>
0 5 0
0 14 0
9 14 0
-1 -1 1
-1 -1 1
-1 -1 1
# Battle field states
 8 9 9 9 9 9 9 9 9 9 9 9 9 9 9
 8 8 9 9 9 9 9 9 9 9 9 9 9 9 9
 8 8 8 9 9 9 9 9 9 9 9 9 9 9 9
 8 8 8 8 9 9 9 9 9 9 9 9 9 9 9
 8 8 8 8 8 9 9 9 9 9 9 9 9 9 9
 8 8 8 8 8 8 9 9 9 9 9 9 9 9 9
 8 8 8 8 8 9 9 9 9 9 9 9 9 9 9
 8 8 8 8 9 9 9 9 9 9 9 9 9 9 9
 8 8 8 9 9 9 9 9 9 9 9 9 9 9 9
 8 8 9 9 9 9 9 9 9 8 9 9 9 9 9
 8 8 9 9 9 9 9 9 8 8 8 9 9 9 9
 8 8 8 9 9 9 9 8 8 8 8 8 9 9 9
 8 8 8 8 9 9 8 8 8 8 8 8 8 9 9
 8 8 8 8 8 8 8 8 8 8 8 8 8 8 9
 8 8 8 8 8 8 8 8 8 8 8 8 8 8 8
# Turn information for samurai of side 0 with weapon 0
# <turn>
7
# <cure period>
0
# Samurai states: <position x> <position y> <hiding>
0 5 0
0 14 0
9 13 0
-1 -1 1
-1 -1 1
-1 -1 1
# Battle field states
 8 9 9 9 9 9 9 9 9 9 9 9 9 9 9
 8 8 9 9 9 9 9 9 9 9 9 9 9 9 9
 8 8 8 9 9 9 9 9 9 9 9 9 9 9 9
 8 8 8 8 9 9 9 9 9 9 9 9 9 9 9
 8 8 8 8 8 9 9 9 9 9 9 9 9 9 9
 8 8 8 8 8 8 9 9 9 9 9 9 9 9 9
 0 8 8 8 8 9 9 9 9 9 9 9 9 9 9
 0 8 8 8 9 9 9 9 9 9 9 9 9 9 9
 0 8 8 9 9 9 9 9 9 8 9 9 9 9 9
 0 8 9 9 9 9 9 9 8 8 8 9 9 9 9
 8 8 9 9 9 9 9 8 8 8 8 8 9 9 9
 8 8 8 9 9 9 8 8 8 8 8 8 8 9 9
 1 8 8 8 9 8 8 8 2 2 2 8 8 8 9
 1 1 8 8 8 8 8 8 2 8 2 8 8 8 3
 8 1 1 8 8 8 8 8 2 8 2 8 8 8 9
# Turn information for samurai of side 0 with weapon 0
# <turn>
12
# <cure period>
0
# Samurai states: <position x> <position y> <hiding>
0 6 1
1 14 1
10 13 1
-1 -1 1
-1 -1 1
-1 -1 1
# Battle field states
 9 9 9 9 9 9 9 9 9 9 9 9 9 9 9
 8 9 9 9 9 9 9 9 9 9 9 9 9 9 9
 8 8 9 9 9 9 9 9 9 9 9 9 9 9 9
 8 8 8 9 9 9 9 9 9 9 9 9 9 9 9
 8 8 8 8 9 9 9 9 9 9 9 9 9 9 9
 8 0 0 0 0 9 9 9 9 9 9 9 9 9 9
 0 8 8 8 8 8 9 9 9 9 9 9 9 9 9
 0 8 8 8 8 9 9 9 9 9 9 9 9 9 9
 0 8 8 8 9 9 9 9 9 9 8 9 9 9 9
 0 8 8 9 9 9 9 9 9 8 8 8 9 9 9
 8 8 8 9 9 9 9 9 8 8 8 8 8 9 9
 8 8 8 8 9 9 9 8 8 8 8 8 8 8 9
 1 1 8 8 8 9 8 8 2 2 2 2 8 8 3
 1 1 1 8 8 8 8 8 2 2 2 2 8 8 3
 8 1 1 1 8 8 8 8 2 2 2 2 8 8 8
# Turn information for samurai of side 0 with weapon 0
# <turn>
19
# <cure period>
0
# Samurai states: <position x> <position y> <hiding>
0 6 1
2 14 0
11 13 0
14 11 0
-1 -1 1
-1 -1 1
# Battle field states
 9 9 9 9 9 9 9 9 9 9 9 9 9 9 9
 8 9 9 9 9 9 9 9 9 9 9 9 9 9 9
 8 8 9 9 9 9 9 9 9 9 9 9 9 9 9
 8 8 8 9 9 9 9 9 9 9 9 9 9 9 9
 8 8 8 8 9 9 9 9 9 9 9 9 9 9 9
 8 0 0 0 0 9 9 9 9 9 9 9 9 9 9
 0 0 0 0 0 8 9 9 9 9 9 9 9 9 9
 0 8 8 8 8 9 9 9 9 9 9 9 9 9 9
 0 8 8 8 9 9 9 9 9 9 9 8 9 9 9
 0 8 8 9 9 9 9 9 9 9 8 8 8 9 9
 8 8 8 8 9 9 9 9 9 8 3 3 3 3 9
 8 8 8 8 8 9 9 9 8 8 3 3 3 3 3
 1 1 1 8 8 8 9 8 2 2 2 2 2 8 3
 1 1 1 1 8 8 8 8 2 2 2 2 2 8 3
 8 1 1 1 1 8 8 8 2 2 2 2 2 8 8
# Turn information for samurai of side 0 with weapon 0
# <turn>
24
# <cure period>
0
# Samurai states: <position x> <position y> <hiding>
0 7 0
3 14 1
12 13 1
14 11 0
-1 -1 1
-1 -1 1
# Battle field states
 9 9 9 9 9 9 9 9 9 9 9 9 9 9 9
 9 9 9 9 9 9 9 9 9 9 9 9 9 9 9
 8 9 9 9 9 9 9 9 9 9 9 9 9 9 9
 8 8 9 9 9 9 9 9 9 9 9 9 9 9 9
 8 8 8 9 9 9 9 9 9 9 9 9 9 9 9
 8 0 0 0 9 9 9 9 9 9 9 9 9 9 9
 0 0 0 0 0 9 9 9 9 9 9 9 9 9 9
 0 0 0 0 0 8 9 9 9 9 9 9 9 9 9
 0 8 8 8 8 9 9 9 9 9 9 9 8 9 9
 0 8 8 8 9 9 9 9 9 9 9 8 8 8 9
 8 8 8 8 8 9 9 9 9 9 3 3 3 3 3
 8 8 8 8 8 8 9 9 9 8 3 3 3 3 3
 1 1 1 1 8 8 8 9 2 2 2 2 2 2 3
 1 1 1 1 1 8 8 8 2 2 2 2 2 2 3
 8 1 1 1 1 1 8 8 2 2 2 2 2 2 8
# Turn information for samurai of side 0 with weapon 0
# <turn>
31
# <cure period>
0
# Samurai states: <position x> <position y> <hiding>
0 8 1
4 14 0
13 13 0
14 9 0
-1 -1 1
-1 -1 1
# Battle field states
 9 9 9 9 9 9 9 9 9 9 9 9 9 9 9
 9 9 9 9 9 9 9 9 9 9 9 9 9 9 9
 9 9 9 9 9 9 9 9 9 9 9 9 9 9 9
 8 9 9 9 9 9 9 9 9 9 9 9 9 9 9
 8 8 9 9 9 9 9 9 9 9 9 9 9 9 9
 8 0 0 9 9 9 9 9 9 9 9 9 9 9 9
 0 0 0 0 9 9 9 9 9 9 9 9 9 9 9
 0 0 0 0 0 9 9 9 9 9 9 9 9 9 9
 0 0 0 0 0 8 9 9 9 9 9 9 9 8 9
 0 8 8 8 8 9 9 9 9 9 9 9 8 8 8
 8 8 8 8 8 8 9 9 9 9 9 3 3 3 3
 8 8 8 8 8 8 8 9 9 9 3 3 3 3 3
 1 1 1 1 1 8 8 8 9 2 3 3 2 2 2
 1 1 1 1 1 1 8 8 2 2 2 2 2 2 2
 8 1 1 1 1 1 1 8 2 2 2 2 2 2 2
# Turn information for samurai of side 0 with weapon 0
# <turn>
36
# <cure period>
0
# Samurai states: <position x> <position y> <hiding>
0 9 0
5 14 1
13 12 1
14 9 0
-1 -1 1
-1 -1 1
# Battle field states
 9 9 9 9 9 9 9 9 9 9 9 9 9 9 9
 9 9 9 9 9 9 9 9 9 9 9 9 9 9 9
 9 9 9 9 9 9 9 9 9 9 9 9 9 9 9
 9 9 9 9 9 9 9 9 9 9 9 9 9 9 9
 8 9 9 9 9 9 9 9 9 9 9 9 9 9 9
 8 0 9 9 9 9 9 9 9 9 9 9 9 9 9
 0 0 0 9 9 9 9 9 9 9 9 9 9 9 9
 0 0 0 0 9 9 9 9 9 9 9 9 9 8 9
 0 0 0 0 0 9 9 9 9 9 9 9 8 8 3
 0 0 0 0 0 8 9 9 9 9 9 8 8 8 8
 8 8 8 8 8 8 8 9 9 9 3 3 3 3 3
 8 8 8 8 8 8 8 8 9 8 3 3 2 2 2
 1 1 1 1 1 1 8 8 2 2 3 3 2 2 2
 1 1 1 1 1 1 1 8 2 2 2 2 2 2 2
 8 1 1 1 1 1 1 1 2 2 2 2 2 2 2
# Turn information for samurai of side 0 with weapon 0
# <turn>
43
# <cure period>
0
# Samurai states: <position x> <position y> <hiding>
0 10 0
5 13 0
13 11 0
14 9 0
-1 -1 1
-1 -1 1
# Battle field states
 9 9 9 9 9 9 9 9 9 9 9 9 9 9 9
 9 9 9 9 9 9 9 9 9 9 9 9 9 9 9
 9 9 9 9 9 9 9 9 9 9 9 9 9 9 9
 9 9 9 9 9 9 9 9 9 9 9 9 9 9 9
 9 9 9 9 9 9 9 9 9 9 9 9 9 9 9
 8 9 9 9 9 9 9 9 9 9 9 9 9 9 9
 0 0 9 9 9 9 9 9 9 9 9 9 9 4 9
 0 0 0 9 9 9 9 9 9 9 9 9 8 4 3
 0 0 0 0 9 5 9 9 9 9 9 8 8 8 3
 0 0 0 0 0 8 8 9 9 9 8 8 8 8 8
 8 0 0 0 0 8 8 8 9 8 3 3 2 2 2
 8 8 8 8 8 1 8 8 8 8 3 3 2 2 2
 1 1 1 1 1 1 1 8 2 2 3 3 2 2 2
 1 1 1 1 1 1 1 1 2 2 2 2 2 2 2
 8 1 1 1 1 1 1 1 2 2 9 2 2 2 2
# Turn information for samurai of side 0 with weapon 0
# <turn>
48
# <cure period>
0
# Samurai states: <position x> <position y> <hiding>
0 11 0
5 12 1
13 10 1
14 9 0
-1 -1 1
-1 -1 1
# Battle field states
 9 9 9 9 9 9 9 9 9 9 9 9 9 9 9
 9 9 9 9 9 9 9 9 9 9 9 9 9 9 9
 9 9 9 9 9 9 9 9 9 9 9 9 9 9 9
 9 9 9 9 9 9 9 9 9 9 9 9 9 9 9
 9 9 9 9 9 9 9 9 9 9 9 9 9 9 9
 9 9 9 9 9 9 9 9 9 9 9 9 9 4 9
 0 9 9 9 9 9 9 9 9 9 9 9 4 4 3
 0 0 9 9 9 5 9 9 9 9 9 8 4 4 3
 0 0 0 9 5 5 5 9 9 9 8 8 8 4 3
 0 0 0 0 5 5 5 8 9 8 8 8 2 2 2
 8 0 0 0 0 1 8 8 8 8 3 3 2 2 2
 8 0 0 0 0 1 1 8 8 8 3 3 2 2 2
 1 1 1 1 1 1 1 1 2 2 3 3 2 2 2
 1 1 1 1 1 1 1 1 2 2 9 2 2 2 2
 8 1 1 1 1 1 1 1 2 9 9 9 2 2 2
# Turn information for samurai of side 0 with weapon 0
# <turn>
55
# <cure period>
0
# Samurai states: <position x> <position y> <hiding>
0 12 1
5 11 0
12 10 0
14 9 0
13 7 0
6 8 0
# Battle field states
 9 9 9 9 9 9 9 9 9 9 9 9 9 9 9
 9 9 9 9 9 9 9 9 9 9 9 9 9 9 9
 9 9 9 9 9 9 9 9 9 9 9 9 9 9 9
 9 9 9 9 9 9 9 9 9 9 9 9 9 9 9
 9 9 9 9 9 9 9 9 9 9 9 9 9 9 9
 9 9 9 9 9 9 9 9 9 9 9 9 4 9 9
 9 9 9 9 9 5 9 9 9 9 9 4 4 4 9
 0 9 9 9 5 5 5 9 9 9 8 4 4 4 3
 0 0 9 0 5 5 5 5 9 8 8 8 4 4 3
 0 0 0 0 5 5 5 5 8 8 8 2 2 2 2
 0 0 0 0 0 1 1 8 8 8 3 2 2 2 2
 0 0 0 0 0 1 1 1 8 8 3 2 2 2 2
 1 1 1 1 1 1 1 1 2 2 3 3 2 2 2
 1 1 1 1 1 1 1 1 2 9 2 2 2 2 2
 8 1 1 1 1 1 1 1 9 9 9 2 2 2 9
# Turn information for samurai of side 0 with weapon 0
# <turn>
60
# <cure period>
0
# Samurai states: <position x> <position y> <hiding>
0 12 1
0 14 0
12 9 0
14 9 0
-1 -1 1
-1 -1 1
# Battle field states
 9 9 9 9 9 9 9 9 9 9 9 9 9 9 9
 9 9 9 9 9 9 9 9 9 9 9 9 9 9 9
 9 9 9 9 9 9 9 9 9 9 9 9 9 9 9
 9 9 9 9 9 9 9 9 9 9 9 9 9 9 9
 9 9 9 9 9 9 9 9 9 9 9 9 4 9 9
 9 9 9 9 9 9 9 9 9 9 9 4 4 4 9
 9 9 9 9 9 9 9 9 9 9 8 4 4 4 3
 0 9 9 9 9 9 9 9 9 8 8 4 4 4 3
 0 0 9 9 9 9 9 9 8 8 8 2 2 2 3
 0 0 0 9 9 9 9 5 8 8 8 2 4 2 2
 0 0 0 0 9 9 9 9 8 8 3 2 2 2 2
 0 0 0 0 0 9 9 9 9 8 3 2 2 2 2
 1 0 0 0 0 1 9 9 9 9 3 3 2 2 2
 1 1 1 1 1 9 9 9 9 9 9 2 2 2 9
 8 1 1 1 1 1 9 9 9 9 9 9 2 9 9
# Turn information for samurai of side 0 with weapon 0
# <turn>
67
# <cure period>
0
# Samurai states: <position x> <position y> <hiding>
0 13 0
0 14 0
12 8 1
14 9 0
-1 -1 1
-1 -1 1
# Battle field states
 9 9 9 9 9 9 9 9 9 9 9 9 9 9 9
 9 9 9 9 9 9 9 9 9 9 9 9 9 9 9
 9 9 9 9 9 9 9 9 9 9 9 9 9 9 9
 9 9 9 9 9 9 9 9 9 9 9 9 4 9 9
 9 9 9 9 9 9 9 9 9 9 9 4 4 4 9
 9 9 9 9 9 9 9 9 9 9 8 4 4 4 3
 9 9 9 9 9 9 9 9 9 8 8 4 4 4 3
 9 9 9 9 9 9 9 9 8 8 8 2 2 2 3
 0 9 9 9 9 9 9 5 8 8 8 2 2 2 3
 0 0 9 9 9 9 9 9 8 8 8 2 2 2 2
 0 0 0 9 9 9 9 9 9 8 3 2 2 2 2
 0 0 0 0 9 9 9 9 9 9 3 2 2 2 2
 1 0 0 0 0 9 9 9 9 9 9 3 2 2 9
 1 0 0 0 0 1 9 9 9 9 9 9 2 9 9
 8 1 1 1 1 1 9 9 9 9 9 9 9 9 9
# Turn information for samurai of side 0 with weapon 0
# <turn>
72
# <cure period>
0
# Samurai states: <position x> <position y> <hiding>
1 13 1
0 14 0
13 8 0
14 9 0
-1 -1 1
-1 -1 1
# Battle field states
 9 9 9 9 9 9 9 9 9 9 9 9 9 9 9
 9 9 9 9 9 9 9 9 9 9 9 9 9 9 9
 9 9 9 9 9 9 9 9 9 9 9 9 9 9 9
 9 9 9 9 9 9 9 9 9 9 9 9 9 4 9
 9 9 9 9 9 9 9 9 9 9 9 9 4 4 4
 9 9 9 9 9 9 9 9 9 9 9 4 4 4 3
 9 9 9 9 9 9 9 9 9 9 8 4 4 4 3
 9 9 9 9 9 9 9 9 9 8 8 2 2 2 2
 9 0 9 9 9 9 9 9 8 8 8 2 2 2 2
 0 0 0 9 9 9 9 9 9 8 8 2 2 2 2
 0 0 0 0 9 9 9 9 9 9 3 2 2 2 2
 0 0 0 0 0 9 9 9 9 9 9 2 2 2 2
 0 0 0 0 0 5 9 9 9 9 9 9 2 2 2
 1 0 0 0 0 1 1 9 9 9 9 9 9 2 9
 8 1 1 1 1 1 9 9 9 9 9 9 9 9 9
# Turn information for samurai of side 0 with weapon 0
# <turn>
79
# <cure period>
0
# Samurai states: <position x> <position y> <hiding>
1 12 0
0 14 0
13 7 1
14 9 0
-1 -1 1
-1 -1 1
# Battle field states
 9 9 9 9 9 9 9 9 9 9 9 9 9 9 9
 9 9 9 9 9 9 9 9 9 9 9 9 9 9 9
 9 9 9 9 9 9 9 9 9 9 9 9 9 4 9
 9 9 9 9 9 9 9 9 9 9 9 9 4 4 4
 9 9 9 9 9 9 9 9 9 9 9 4 4 4 4
 9 9 9 9 9 9 9 9 9 9 8 4 4 4 3
 9 9 9 9 9 9 9 9 9 8 8 4 2 2 2
 9 0 9 9 9 9 9 9 8 8 8 2 2 2 2
 0 0 0 9 9 9 9 9 9 8 8 2 2 2 2
 0 0 0 0 9 9 9 9 9 9 8 2 2 2 2
 0 0 0 0 0 9 9 9 9 9 9 2 2 2 2
 0 0 0 0 0 5 9 9 9 9 9 9 2 2 2
 0 0 0 0 0 5 5 9 9 9 9 9 9 2 9
 1 0 0 0 0 5 9 9 9 9 9 9 9 9 9
 8 1 1 1 1 1 9 9 9 9 9 9 9 9 9
# Turn information for samurai of side 0 with weapon 0
# <turn>
84
# <cure period>
0
# Samurai states: <position x> <position y> <hiding>
2 12 1
0 14 0
13 6 0
14 9 0
-1 -1 1
-1 -1 1
# Battle field states
 9 9 9 9 9 9 9 9 9 9 9 9 9 9 9
 9 9 9 9 9 9 9 9 9 9 9 9 9 4 9
 9 9 9 9 9 9 9 9 9 9 9 9 4 4 4
 9 9 9 9 9 9 9 9 9 9 9 4 4 4 4
 9 9 9 9 9 9 9 9 9 9 8 4 4 4 4
 9 9 9 9 9 9 9 9 9 8 8 4 2 2 2
 9 9 9 9 9 9 9 9 8 8 8 4 2 2 2
 9 9 0 9 9 9 9 9 9 8 8 2 2 2 2
 9 0 0 0 9 9 9 9 9 9 8 2 2 2 2
 0 0 0 0 5 9 9 9 9 9 9 2 2 2 2
 0 0 0 0 0 5 9 9 9 9 9 9 2 2 2
 0 0 0 0 0 5 5 9 9 9 9 9 9 2 9
 0 0 0 0 0 0 0 5 9 9 9 9 9 9 9
 1 0 0 0 0 5 1 9 9 9 9 9 9 9 9
 8 1 1 1 1 1 9 9 9 9 9 9 9 9 9
# Turn information for samurai of side 0 with weapon 0
# <turn>
91
# <cure period>
0
# Samurai states: <position x> <position y> <hiding>
2 11 0
0 14 0
13 5 1
14 9 0
-1 -1 1
-1 -1 1
# Battle field states
 9 9 9 9 9 9 9 9 9 9 9 9 9 4 9
 9 9 9 9 9 9 9 9 9 9 9 9 4 4 4
 9 9 9 9 9 9 9 9 9 9 9 4 4 4 4
 9 9 9 9 9 9 9 9 9 9 8 4 4 4 4
 9 9 9 9 9 9 9 9 9 8 8 4 2 2 2
 9 9 9 9 9 9 9 9 8 8 8 4 2 2 2
 9 9 0 9 9 9 9 9 9 8 8 4 2 2 2
 9 0 0 0 9 9 9 9 9 9 8 2 2 2 2
 0 0 0 0 5 9 9 9 9 9 9 2 2 2 2
 0 0 0 0 5 5 9 9 9 9 9 9 2 2 2
 0 0 0 0 0 5 5 9 9 9 9 9 9 2 9
 0 0 0 0 0 0 0 5 9 9 9 9 9 9 9
 0 0 0 0 0 0 0 9 9 9 9 9 9 9 9
 1 0 0 0 0 5 9 9 9 9 9 9 9 9 9
 8 1 1 1 1 1 9 9 9 9 9 9 9 9 9
# Turn information for samurai of side 0 with weapon 0
# <turn>
96
# <cure period>
0
# Samurai states: <position x> <position y> <hiding>
2 10 1
0 13 1
13 4 0
-1 -1 1
-1 -1 1
-1 -1 1
# Battle field states
 9 9 9 9 9 9 9 9 9 9 9 9 4 4 8
 9 9 9 9 9 9 9 9 9 9 9 8 4 4 4
 9 9 9 9 9 9 9 9 9 9 8 4 4 4 4
 9 9 9 9 9 9 9 9 9 8 8 4 2 2 2
 9 9 9 9 9 9 9 9 8 8 8 4 2 2 2
 9 9 0 9 9 9 9 9 9 8 8 4 2 2 2
 9 0 0 0 9 9 9 9 9 9 8 4 2 2 2
 0 0 0 0 5 9 9 9 9 9 9 2 2 2 2
 0 0 0 0 5 5 9 9 9 9 9 9 2 2 2
 0 0 0 0 5 5 5 9 9 9 9 9 9 2 9
 0 0 0 0 0 0 0 5 9 9 9 9 9 9 9
 1 0 0 0 0 0 0 9 9 9 9 9 9 9 9
 1 1 0 0 0 0 9 9 9 9 9 9 9 9 9
 1 1 1 0 0 5 9 9 9 9 9 9 9 9 9
 8 1 1 1 1 9 9 9 9 9 9 9 9 9 9
# Turn information for samurai of side 0 with weapon 0
# <turn>
103
# <cure period>
0
# Samurai states: <position x> <position y> <hiding>
2 9 0
1 13 0
12 4 1
-1 -1 1
13 1 0
-1 -1 1
# Battle field states
 9 9 9 9 9 9 9 9 9 9 9 4 4 4 9
 9 9 9 9 9 9 9 9 9 9 8 4 4 4 4
 9 9 9 9 9 9 9 9 9 8 8 4 4 4 4
 9 9 9 9 9 9 9 9 8 8 8 2 2 2 2
 9 9 8 9 9 9 9 8 8 8 8 2 2 2 2
 9 0 0 0 9 9 9 9 8 8 8 2 2 2 2
 0 0 0 0 5 9 9 9 9 8 8 4 2 2 2
 0 0 0 0 5 5 9 9 9 9 8 2 2 2 2
 0 0 0 0 5 5 5 9 9 9 9 2 2 2 9
 0 0 0 0 0 0 0 5 9 9 9 9 2 9 9
 0 0 0 0 0 0 0 9 9 9 9 9 9 9 9
 1 1 0 0 0 0 9 9 9 9 9 9 9 9 9
 1 1 1 0 0 0 9 9 9 9 9 9 9 9 9
 1 1 1 1 0 5 1 9 9 9 9 9 9 9 9
 8 1 1 1 1 1 9 9 9 9 9 9 9 9 9
# Turn information for samurai of side 0 with weapon 0
# <turn>
108
# <cure period>
0
# Samurai states: <position x> <position y> <hiding>
2 8 1
2 13 1
12 3 0
-1 -1 1
14 0 0
-1 -1 1
# Battle field states
 9 9 9 9 9 9 9 9 9 9 8 4 4 4 8
 9 9 9 9 9 9 9 9 9 8 8 4 4 4 4
 9 9 9 9 9 9 9 9 8 8 8 2 2 2 4
 9 9 8 9 9 9 9 8 8 8 8 2 2 2 4
 9 8 8 8 9 9 9 9 8 8 8 2 2 2 2
 8 0 0 0 5 9 9 9 9 8 8 2 2 2 2
 0 0 0 0 5 5 9 9 9 9 8 4 2 2 2
 0 0 0 0 5 5 5 9 9 9 9 2 2 2 9
 0 0 0 0 0 0 0 5 9 9 9 9 2 9 9
 0 0 0 0 0 0 0 9 9 9 9 9 9 9 9
 0 0 0 0 0 0 9 9 9 9 9 9 9 9 9
 1 1 1 0 0 0 9 9 9 9 9 9 9 9 9
 1 1 1 1 0 0 0 9 9 9 9 9 9 9 9
 1 1 1 1 1 5 1 5 9 9 9 9 9 9 9
 8 1 1 1 1 1 1 9 9 9 9 9 9 9 9
# Turn information for samurai of side 0 with weapon 0
# <turn>
115
# <cure period>
0
# Samurai states: <position x> <position y> <hiding>
2 7 0
3 13 0
13 3 1
-1 -1 1
14 0 0
-1 -1 1
# Battle field states
 9 9 9 9 9 9 9 9 9 9 9 4 4 4 8
 9 9 9 9 9 9 9 9 9 9 8 4 4 4 4
 9 9 8 9 9 9 9 9 9 8 8 2 2 2 2
 9 8 8 8 9 9 9 9 8 8 8 2 2 2 2
 8 8 8 8 5 9 9 9 9 8 8 2 2 2 2
 8 0 0 0 5 5 9 9 9 9 8 2 2 2 3
 0 0 0 0 5 5 5 9 9 9 9 4 2 2 3
 0 0 0 0 0 0 0 5 9 9 9 9 2 2 3
 0 0 0 0 0 0 0 9 9 9 9 9 9 2 9
 0 0 0 0 0 0 9 9 9 9 9 9 9 9 9
 0 0 0 0 0 0 9 9 9 9 9 9 9 9 9
 1 1 1 1 0 0 0 9 9 9 9 9 9 9 9
 1 1 1 1 1 0 0 5 9 9 9 9 9 9 9
 1 1 1 1 1 1 1 5 2 9 9 9 9 9 9
 8 1 1 1 1 1 1 1 9 9 9 9 9 9 9
# Turn information for samurai of side 0 with weapon 0
# <turn>
120
# <cure period>
0
# Samurai states: <position x> <position y> <hiding>
2 6 1
3 12 1
13 2 0
-1 -1 1
14 0 0
-1 -1 1
# Battle field states
 9 9 9 9 9 9 9 9 9 9 8 4 4 4 8
 9 9 5 9 9 9 9 9 9 8 8 4 2 2 2
 9 8 8 8 9 9 9 9 8 8 8 2 2 2 2
 8 8 8 8 5 9 9 9 9 8 8 2 2 2 2
 8 8 8 8 5 5 9 9 9 9 8 2 2 2 2
 8 0 0 0 5 5 5 9 9 9 9 2 2 2 3
 0 0 0 0 0 0 0 8 9 9 9 9 2 2 3
 0 0 0 0 0 0 0 9 9 9 9 9 9 2 9
 0 0 0 0 0 0 9 9 9 9 9 9 9 9 9
 0 0 0 0 0 0 9 9 9 9 9 9 9 9 9
 0 0 0 1 0 0 0 9 9 9 9 9 9 9 9
 1 1 1 1 1 0 0 5 9 9 9 9 9 9 9
 1 1 1 1 1 1 0 5 2 9 9 9 9 9 9
 1 1 1 1 1 1 1 5 9 9 9 9 9 9 9
 8 1 1 1 1 1 1 9 9 9 9 9 9 9 9
# Turn information for samurai of side 0 with weapon 0
# <turn>
127
# <cure period>
0
# Samurai states: <position x> <position y> <hiding>
2 5 0
4 12 0
13 1 1
-1 -1 1
14 0 0
-1 -1 1
# Battle field states
 9 9 5 9 9 9 9 9 9 8 8 4 2 2 2
 9 8 5 5 9 9 9 9 8 8 8 4 2 2 2
 8 8 5 5 5 9 9 9 9 8 8 2 2 2 2
 8 8 0 8 5 5 9 9 9 9 8 2 2 2 2
 8 8 0 8 5 5 5 9 9 9 9 2 2 2 2
 8 0 0 0 5 5 5 8 9 9 9 9 2 2 3
 0 0 0 0 0 0 0 9 9 9 9 9 9 2 9
 0 0 0 0 0 0 9 9 9 9 9 9 9 9 9
 0 0 0 0 0 0 9 9 9 9 9 9 9 9 9
 9 0 0 0 0 0 0 9 9 9 9 9 9 9 9
 9 0 0 1 1 0 0 5 9 9 9 9 9 9 9
 1 1 1 1 1 1 0 5 8 9 9 9 9 9 9
 1 1 1 1 1 1 1 5 2 2 9 9 9 9 9
 1 1 1 1 1 1 1 5 2 9 9 9 9 9 9
 9 1 1 1 1 1 1 1 9 9 9 9 9 9 9
# Turn information for samurai of side 0 with weapon 0
# <turn>
132
# <cure period>
0
# Samurai states: <position x> <position y> <hiding>
3 5 1
5 12 1
12 1 0
-1 -1 1
14 0 0
2 1 0
# Battle field states
 9 9 9 5 9 9 9 9 8 8 8 2 2 2 2
 9 9 5 5 5 9 9 8 8 8 8 2 2 2 2
 9 5 5 5 5 5 9 9 8 8 8 2 2 2 2
 8 8 0 8 5 5 5 9 9 8 8 2 2 2 2
 8 8 0 8 5 5 5 8 9 9 8 2 2 2 2
 8 0 0 0 0 0 0 0 8 9 9 2 2 2 9
 0 0 0 0 0 0 0 8 9 9 9 9 2 9 9
 0 0 0 0 0 0 0 9 9 9 9 9 9 9 9
 9 0 0 0 0 0 0 9 9 9 9 9 9 9 9
 9 9 0 0 0 0 0 5 9 9 9 9 9 9 9
 9 9 0 1 1 1 0 5 8 9 9 9 9 9 9
 9 1 1 1 1 1 1 5 8 8 9 9 9 9 9
 1 1 1 1 1 1 1 1 2 2 3 9 9 9 9
 9 1 1 1 1 1 1 5 2 2 9 9 9 9 9
 9 9 1 1 1 1 1 1 2 9 9 9 9 9 9
# Turn information for samurai of side 0 with weapon 0
# <turn>
139
# <cure period>
0
# Samurai states: <position x> <position y> <hiding>
3 5 1
6 12 0
11 1 1
-1 -1 1
14 0 0
-1 -1 1
# Battle field states
 9 9 9 5 9 9 9 8 8 8 2 2 2 2 2
 9 9 5 5 5 9 5 8 8 8 2 2 2 2 2
 9 5 5 5 5 5 9 8 8 8 2 2 2 2 2
 8 5 5 5 5 5 5 9 8 8 8 2 3 3 2
 8 8 0 0 5 5 5 8 9 8 8 2 3 3 9
 8 0 0 0 0 0 0 0 8 9 8 2 3 9 9
 0 0 0 0 0 0 0 8 9 9 9 4 9 9 9
 0 0 0 0 0 0 0 9 9 9 9 9 9 9 9
 9 0 0 0 0 0 0 5 9 9 9 9 9 9 9
 9 9 0 0 0 0 0 5 8 9 9 9 9 9 9
 9 9 9 1 1 1 1 5 8 8 9 9 9 9 9
 9 9 1 1 1 1 1 1 8 8 3 9 9 9 9
 9 1 1 1 1 1 1 1 1 2 3 3 9 9 9
 9 9 1 1 1 1 1 5 2 2 2 9 9 9 9
 9 9 9 1 1 1 1 1 2 2 9 9 9 9 9
# Turn information for samurai of side 0 with weapon 0
# <turn>
144
# <cure period>
0
# Samurai states: <position x> <position y> <hiding>
4 5 0
7 12 1
10 1 0
-1 -1 1
14 0 0
2 3 0
# Battle field states
 9 9 9 9 5 9 5 8 8 2 2 2 2 2 2
 9 9 9 5 0 5 5 8 8 2 2 2 2 2 2
 9 9 5 5 0 5 5 8 8 2 2 2 2 2 2
 9 5 5 5 0 5 5 8 8 8 8 2 3 3 9
 8 5 5 5 0 5 5 8 8 8 8 2 3 9 9
 8 0 0 0 0 0 0 0 8 8 8 2 9 9 9
 0 0 0 0 0 0 0 8 8 9 8 9 9 9 9
 9 0 0 0 0 0 0 5 9 9 9 9 9 9 9
 9 9 0 0 0 0 0 5 8 9 9 9 9 9 9
 9 9 9 0 0 0 0 5 8 8 9 9 9 9 9
 9 9 9 9 1 1 1 1 8 8 3 9 9 9 9
 9 9 9 1 1 1 1 1 1 8 3 2 9 9 9
 9 9 1 1 1 1 1 1 1 1 3 3 2 9 9
 9 9 9 1 1 1 1 5 2 2 2 2 9 9 9
 9 9 9 9 1 1 1 1 2 2 2 9 9 9 9
# Turn information for samurai of side 0 with weapon 0
# <turn>
151
# <cure period>
0
# Samurai states: <position x> <position y> <hiding>
5 5 1
8 12 0
9 1 1
-1 -1 1
-1 -1 1
-1 -1 1
# Battle field states
 9 9 9 9 9 5 5 8 2 2 2 2 2 2 9
 9 9 9 9 0 0 5 8 2 2 2 2 2 2 2
 9 9 9 5 0 0 5 8 2 2 2 2 2 2 9
 9 9 5 5 0 0 5 8 8 8 8 2 3 9 9
 9 5 5 5 0 0 5 8 8 8 8 2 9 9 9
 8 5 5 5 0 0 0 0 3 3 3 9 9 9 9
 9 0 0 0 0 0 0 8 3 3 9 9 9 9 9
 9 9 0 0 0 0 0 5 8 9 9 9 9 9 9
 9 9 9 0 0 0 0 5 8 8 9 9 9 9 9
 9 9 9 9 0 0 0 5 8 8 3 9 9 9 9
 9 9 9 9 9 1 1 1 1 8 3 2 9 9 9
 9 9 9 9 1 1 1 1 1 1 3 2 2 9 9
 9 9 9 1 1 1 1 1 1 1 1 3 2 2 9
 9 9 9 9 1 1 1 5 2 2 2 2 2 9 9
 9 9 9 9 9 1 1 1 2 2 2 2 9 9 9
# Turn information for samurai of side 0 with weapon 0
# <turn>
156
# <cure period>
0
# Samurai states: <position x> <position y> <hiding>
6 5 0
9 12 1
9 2 0
-1 -1 1
-1 -1 1
2 5 0
# Battle field states
 9 9 9 9 9 9 5 8 2 2 2 2 2 9 9
 9 9 9 9 9 0 0 8 2 2 2 2 2 2 9
 9 9 9 9 0 0 0 8 2 2 2 2 2 2 2
 9 9 9 5 0 0 0 8 2 2 2 2 3 3 9
 9 9 5 5 0 0 0 8 8 8 8 2 3 9 9
 9 5 5 5 0 0 0 0 3 3 3 3 9 9 9
 9 9 5 5 0 0 0 8 3 3 3 9 9 9 9
 9 9 9 0 0 0 0 5 8 8 9 9 9 9 9
 9 9 9 9 0 0 0 5 8 8 3 9 9 9 9
 9 9 9 9 9 0 0 5 8 8 3 3 9 9 9
 9 9 9 9 9 9 1 1 1 1 3 2 2 9 9
 9 9 9 9 9 1 1 1 1 1 1 2 2 2 9
 9 9 9 9 1 1 1 1 1 1 1 1 2 2 3
 9 9 9 9 9 1 1 5 2 2 2 2 2 2 9
 9 9 9 9 9 9 1 1 2 2 2 2 2 9 9
# Turn information for samurai of side 0 with weapon 0
# <turn>
163
# <cure period>
0
# Samurai states: <position x> <position y> <hiding>
6 6 1
9 11 0
9 14 0
-1 -1 1
-1 -1 1
-1 -1 1
# Battle field states
 9 9 9 9 9 9 9 9 9 9 9 9 9 9 9
 9 9 9 9 9 9 0 9 9 9 9 9 9 9 9
 9 9 9 9 9 0 0 8 9 9 9 9 9 9 9
 9 9 9 9 0 0 0 8 3 9 9 9 9 9 9
 9 9 9 5 0 0 0 8 2 2 9 9 9 9 9
 9 9 5 5 0 0 0 0 3 3 3 9 9 9 9
 9 5 5 5 0 0 0 0 0 0 0 3 9 9 9
 9 9 5 5 0 0 0 5 8 8 3 9 9 9 9
 9 9 9 0 0 0 0 5 8 8 3 3 9 9 9
 9 9 9 9 0 0 0 5 8 1 3 3 3 9 9
 9 9 9 9 9 1 1 1 1 1 1 2 2 2 9
 9 9 9 9 1 1 1 1 1 1 1 1 2 2 3
 9 9 9 9 9 1 1 1 1 1 1 1 2 2 9
 9 9 9 9 9 1 1 5 2 2 2 2 2 2 9
 9 9 9 9 1 1 1 1 2 2 2 2 2 2 2
# Turn information for samurai of side 0 with weapon 0
# <turn>
168
# <cure period>
0
# Samurai states: <position x> <position y> <hiding>
6 7 0
9 10 1
9 14 0
-1 -1 1
-1 -1 1
2 7 0
# Battle field states
 9 9 9 9 9 9 9 9 9 9 9 9 9 9 9
 9 9 9 9 9 9 9 9 9 9 9 9 9 9 9
 9 9 9 9 9 9 0 9 9 9 9 9 9 9 9
 9 9 9 9 9 0 0 8 9 9 9 9 9 9 9
 9 9 9 9 0 0 0 8 2 9 9 9 9 9 9
 9 9 9 5 0 0 0 0 3 3 9 9 9 9 9
 9 9 5 5 0 0 0 0 0 0 0 9 9 9 9
 9 5 5 5 0 0 0 0 0 0 0 3 9 9 9
 9 9 5 5 0 0 0 5 8 1 3 3 3 9 9
 9 9 9 0 0 0 0 5 8 1 1 3 3 3 9
 9 9 9 9 1 1 1 1 1 1 1 1 2 2 3
 9 9 9 9 9 1 1 1 1 1 1 1 2 2 9
 9 9 9 9 9 9 1 1 1 1 1 1 2 9 9
 9 9 9 9 9 1 1 5 2 2 2 2 2 2 9
 9 9 9 9 1 1 1 1 2 2 2 2 2 2 2
# Turn information for samurai of side 0 with weapon 0
# <turn>
175
# <cure period>
0
# Samurai states: <position x> <position y> <hiding>
6 8 1
9 9 0
9 14 0
-1 -1 1
-1 -1 1
-1 -1 1
# Battle field states
 9 9 9 9 9 9 9 9 9 9 9 9 9 9 9
 9 9 9 9 9 9 9 9 9 9 9 9 9 9 9
 9 9 9 9 9 9 9 9 9 9 9 9 9 9 9
 9 9 9 9 9 9 0 9 9 9 9 9 9 9 9
 9 9 9 9 9 0 0 8 9 2 9 9 9 9 9
 9 9 9 9 0 0 0 0 3 3 3 9 9 9 9
 9 9 9 5 0 0 0 0 0 0 0 3 9 9 9
 9 9 5 5 0 0 0 0 0 1 0 3 3 9 9
 9 5 5 5 0 0 0 0 1 1 0 3 3 3 9
 9 9 5 5 0 0 0 1 1 1 1 3 3 3 2
 9 9 9 1 1 1 1 1 1 1 1 1 2 2 9
 9 9 9 9 1 1 1 1 1 1 1 1 2 9 9
 9 9 9 9 9 1 1 1 1 1 1 1 2 9 9
 9 9 9 9 9 1 1 5 2 2 2 2 2 2 9
 9 9 9 9 1 1 1 1 2 2 2 2 2 2 2
# Turn information for samurai of side 0 with weapon 0
# <turn>
180
# <cure period>
0
# Samurai states: <position x> <position y> <hiding>
5 8 0
10 9 1
9 14 0
-1 -1 1
-1 -1 1
-1 -1 1
# Battle field states
 9 9 9 9 9 9 9 9 9 9 9 9 9 9 9
 9 9 9 9 9 9 9 9 9 9 9 9 9 9 9
 9 9 9 9 9 9 9 9 9 9 9 9 9 9 9
 9 9 9 9 9 0 9 9 9 9 9 9 9 9 9
 9 9 9 9 0 0 0 9 9 9 2 9 9 9 9
 9 9 9 5 0 0 0 0 9 3 3 3 9 9 9
 9 9 5 5 0 0 0 0 0 0 0 3 3 9 9
 9 5 5 5 0 0 0 0 0 1 1 3 3 3 9
 0 0 0 0 0 0 0 0 1 1 1 1 3 3 3
 9 5 5 5 0 0 0 1 1 1 1 1 1 3 2
 9 9 0 1 1 1 1 1 1 1 1 1 2 2 3
 9 9 9 1 1 1 1 1 1 1 1 1 2 2 9
 9 9 9 9 1 1 1 1 1 1 1 1 2 9 9
 9 9 9 9 9 1 1 5 2 2 2 2 2 2 9
 9 9 9 9 1 1 1 1 2 2 2 2 2 2 2
# Turn information for samurai of side 0 with weapon 0
# <turn>
187
# <cure period>
0
# Samurai states: <position x> <position y> <hiding>
5 9 1
11 9 0
9 14 0
-1 -1 1
-1 -1 1
-1 -1 1
# Battle field states
 9 9 9 9 9 9 9 9 9 9 9 9 9 9 9
 9 9 9 9 9 9 9 9 9 9 9 9 9 9 9
 9 9 9 9 9 9 9 9 9 9 9 9 9 9 9
 9 9 9 9 9 9 9 9 9 9 9 9 9 9 9
 9 9 9 9 9 0 9 9 9 9 9 3 9 9 9
 9 9 9 9 0 0 0 9 9 9 3 3 3 9 9
 9 9 9 5 0 0 0 0 9 0 0 3 3 3 9
 9 9 5 5 0 0 0 0 0 1 1 1 3 3 3
 9 0 0 0 0 0 0 0 1 1 1 1 1 3 3
 0 0 0 0 0 0 0 1 1 1 1 1 1 1 2
 9 0 0 1 1 1 1 1 1 1 1 1 2 2 3
 9 9 1 1 1 1 1 1 1 1 1 1 2 2 3
 9 9 9 1 1 1 1 1 1 1 1 1 2 2 9
 9 9 9 9 1 1 1 5 2 2 2 2 2 2 9
 9 9 9 9 1 1 1 1 2 2 2 2 2 2 2
# Turn information for samurai of side 0 with weapon 0
# <turn>
192
# <cure period>
0
# Samurai states: <position x> <position y> <hiding>
5 9 1
11 8 1
9 14 0
-1 -1 1
-1 -1 1
-1 -1 1
# Battle field states
 9 9 9 9 9 9 9 9 9 9 9 9 9 9 9
 9 9 9 9 9 9 9 9 9 9 9 9 9 9 9
 9 9 9 9 9 9 9 9 9 9 9 9 9 9 9
 9 9 9 9 9 9 9 9 9 9 9 3 9 9 9
 9 9 9 9 9 0 9 9 9 9 2 4 4 9 9
 9 9 9 9 0 0 0 9 9 3 3 3 4 4 9
 9 9 9 5 0 0 0 0 0 0 0 1 3 4 4
 9 9 5 5 0 0 0 0 0 1 1 1 1 3 3
 9 0 0 0 0 0 0 0 1 1 1 1 1 1 3
 0 0 0 0 0 0 0 1 1 1 1 1 1 1 2
 9 0 0 1 1 0 1 1 1 1 1 1 2 2 3
 9 9 1 1 1 0 1 1 1 1 1 1 2 2 9
 9 9 9 1 1 0 1 1 1 1 1 1 2 9 9
 9 9 9 9 1 0 1 5 2 2 2 2 2 2 9
 9 9 9 9 1 1 1 1 2 2 2 2 2 2 2
# Turn information for samurai of side 0 with weapon 0
# <turn>
199
# <cure period>
0
# Samurai states: <position x> <position y> <hiding>
5 10 0
12 8 0
8 14 1
-1 -1 1
12 4 0
-1 -1 1
# Battle field states
 9 9 9 9 9 9 9 9 9 9 9 9 9 9 9
 9 9 9 9 9 9 9 9 9 9 9 9 9 9 9
 9 9 9 9 9 9 9 9 9 9 9 9 9 9 9
 9 9 9 9 9 9 9 9 9 9 9 9 4 9 9
 9 9 9 9 9 9 9 9 9 9 9 4 4 3 9
 9 9 9 9 9 0 9 9 9 9 3 3 4 3 3
 9 9 9 9 0 0 0 9 9 0 0 1 1 4 4
 9 9 9 5 0 0 0 0 0 1 1 1 1 1 3
 9 9 0 0 0 0 0 0 1 1 1 1 1 1 1
 9 0 0 0 0 0 0 1 1 1 1 1 1 1 2
 0 0 0 1 1 0 0 0 0 0 1 1 2 2 3
 9 1 1 1 1 0 1 1 1 1 1 1 2 2 3
 9 9 1 1 1 0 1 1 1 1 1 1 2 2 9
 9 9 9 1 1 0 1 2 2 2 2 2 2 9 9
 9 9 9 1 1 1 1 2 2 2 2 2 2 2 9
# Turn information for samurai of side 0 with weapon 0
# <turn>
204
# <cure period>
0
# Samurai states: <position x> <position y> <hiding>
5 11 1
12 7 1
8 13 0
-1 -1 1
-1 -1 1
-1 -1 1
# Battle field states
 9 9 9 9 9 9 9 9 9 9 9 9 9 9 9
 9 9 9 9 9 9 9 9 9 9 9 9 9 9 9
 9 9 9 9 9 9 9 9 9 9 9 9 4 9 9
 9 9 9 9 9 9 9 9 9 9 9 4 4 3 9
 9 9 9 9 9 9 9 9 9 9 4 4 4 4 4
 9 9 9 9 9 9 9 9 9 3 3 3 4 4 3
 9 9 9 9 9 0 9 9 0 0 0 1 4 1 4
 9 9 9 9 0 0 0 0 0 1 1 1 1 1 1
 9 9 9 0 0 0 0 0 1 1 1 1 1 1 1
 9 9 0 0 0 0 0 1 1 1 1 1 1 1 2
 9 0 0 1 1 0 0 0 0 0 1 1 2 2 3
 1 1 1 1 1 0 0 0 0 0 1 1 2 2 9
 9 1 1 1 1 0 1 2 2 2 1 1 2 9 9
 9 9 1 1 1 0 1 2 2 2 2 2 2 2 9
 9 9 9 1 1 1 1 2 2 2 2 2 2 9 9
# Turn information for samurai of side 0 with weapon 0
# <turn>
211
# <cure period>
0
# Samurai states: <position x> <position y> <hiding>
5 11 1
12 6 0
8 12 1
-1 -1 1
-1 -1 1
-1 -1 1
# Battle field states
 9 9 9 9 9 9 9 9 9 9 9 9 9 9 9
 9 9 9 9 9 9 9 9 9 9 9 9 3 9 9
 9 9 9 9 9 9 9 9 9 9 9 3 4 3 9
 9 9 9 9 9 9 9 9 9 9 3 4 4 3 3
 9 9 9 9 9 9 9 9 9 2 4 4 1 4 3
 9 9 9 9 9 9 9 9 3 3 3 3 1 1 3
 9 9 9 9 9 0 9 0 0 0 0 1 4 1 3
 9 9 9 9 0 0 0 9 0 1 1 1 1 4 3
 9 9 9 0 0 0 0 0 1 1 1 1 1 1 1
 9 9 0 0 0 0 0 1 1 1 1 1 1 1 2
 9 0 0 1 1 0 0 0 0 0 1 1 2 2 9
 1 0 0 0 0 0 0 2 2 2 1 1 2 9 9
 9 1 1 1 1 0 1 2 2 2 1 1 2 2 9
 9 9 1 1 1 0 1 2 2 2 2 2 2 9 9
 9 9 9 1 1 1 1 2 2 2 2 2 9 9 9
# Turn information for samurai of side 0 with weapon 0
# <turn>
216
# <cure period>
0
# Samurai states: <position x> <position y> <hiding>
5 12 0
12 5 1
8 11 0
-1 -1 1
-1 -1 1
-1 -1 1
# Battle field states
 9 9 9 9 9 9 9 9 9 9 9 9 4 9 9
 9 9 9 9 9 9 9 9 9 9 9 3 3 4 9
 9 9 9 9 9 9 9 9 9 9 3 3 4 3 3
 9 9 9 9 9 9 9 9 9 3 3 4 1 3 3
 9 9 9 9 9 9 9 9 2 2 4 1 1 4 3
 9 9 9 9 9 9 9 0 3 3 1 1 1 1 3
 9 9 9 9 9 9 9 9 0 0 0 1 4 1 3
 9 9 9 9 9 0 9 0 0 1 1 1 1 4 3
 9 9 9 9 0 0 0 0 1 1 1 1 1 1 1
 9 9 9 0 0 0 0 1 1 1 1 1 1 1 9
 9 9 0 1 1 0 0 2 2 2 1 1 2 9 9
 9 0 0 0 0 0 0 2 2 2 1 1 2 2 9
 1 1 1 1 1 0 0 2 2 2 1 1 2 9 9
 9 1 1 1 1 0 1 2 2 2 2 2 9 9 9
 9 9 1 1 1 1 1 2 2 2 2 9 9 9 9
# Turn information for samurai of side 0 with weapon 0
# <turn>
223
# <cure period>
0
# Samurai states: <position x> <position y> <hiding>
5 13 1
13 5 0
9 11 1
14 9 0
-1 -1 1
-1 -1 1
# Battle field states
 9 9 9 9 9 9 9 9 9 9 9 9 9 4 9
 9 9 9 9 9 9 9 9 9 9 9 9 3 4 4
 9 9 9 9 9 9 9 9 9 9 9 3 4 3 3
 9 9 9 9 9 9 9 9 9 9 3 4 1 1 3
 9 9 9 9 9 9 9 9 9 2 3 3 3 1 1
 9 9 9 9 9 9 9 9 3 3 1 1 1 1 1
 9 9 9 9 9 9 9 9 9 0 0 1 4 1 3
 9 9 9 9 9 9 9 9 0 1 1 1 1 4 3
 9 9 9 9 9 0 9 0 1 1 1 1 1 1 1
 9 9 9 9 0 0 0 1 1 1 1 1 1 1 2
 9 9 9 1 1 0 0 2 2 2 2 1 2 2 9
 9 9 0 0 0 0 0 2 2 2 2 1 2 2 3
 9 0 0 0 0 0 0 2 2 2 2 1 2 2 9
 1 1 1 1 1 0 1 2 2 2 2 2 2 9 9
 9 1 1 1 1 1 1 2 2 2 2 2 9 9 9
# Turn information for samurai of side 0 with weapon 0
# <turn>
228
# <cure period>
0
# Samurai states: <position x> <position y> <hiding>
5 13 1
13 6 1
10 11 0
14 9 0
-1 -1 1
-1 -1 1
# Battle field states
 9 9 9 9 9 9 9 9 9 9 9 9 9 9 9
 9 9 9 9 9 9 9 9 9 9 9 9 9 4 9
 9 9 9 9 9 9 9 9 9 9 9 9 4 3 3
 9 9 9 9 9 9 9 9 9 9 9 4 1 1 3
 9 9 9 9 9 9 9 9 9 9 3 3 3 1 1
 9 9 9 9 9 9 9 9 9 3 1 1 1 1 1
 9 9 9 9 9 9 9 9 0 0 0 1 4 1 1
 9 9 9 9 9 9 9 9 9 1 1 1 1 1 1
 9 9 9 9 9 0 9 9 1 1 1 1 1 1 1
 9 9 9 9 0 0 0 1 1 1 1 1 1 1 2
 9 9 9 1 1 0 0 2 2 2 2 2 2 2 3
 9 9 0 0 0 0 0 2 2 2 2 2 2 2 3
 9 0 0 0 0 0 0 2 2 2 2 2 2 2 3
 1 1 1 1 1 0 0 0 0 0 2 2 2 2 9
 9 1 1 1 1 1 1 2 2 2 2 2 2 9 9
# Turn information for samurai of side 0 with weapon 0
# <turn>
235
# <cure period>
0
# Samurai states: <position x> <position y> <hiding>
5 13 1
12 6 0
10 10 1
14 9 0
-1 -1 1
-1 -1 1
# Battle field states
 9 9 9 9 9 9 9 9 9 9 9 9 9 9 9
 9 9 9 9 9 9 9 9 9 9 9 9 3 9 9
 9 9 9 9 9 9 9 9 9 9 9 3 4 3 9
 9 9 9 9 9 9 9 9 9 9 3 4 1 1 3
 9 9 9 9 9 9 9 9 9 2 3 3 1 1 1
 9 9 9 9 9 9 9 9 3 3 1 1 1 1 1
 9 9 9 9 9 9 9 0 0 0 1 1 4 1 1
 9 9 9 9 9 9 9 9 0 1 1 1 1 1 1
 9 9 9 9 9 0 9 0 1 1 1 1 1 1 1
 9 9 9 9 0 0 0 1 1 2 2 2 1 1 2
 9 9 9 1 1 0 0 2 2 2 2 2 2 2 3
 9 9 0 0 0 0 0 2 2 2 2 2 2 2 3
 9 0 0 0 0 0 0 2 2 2 2 2 2 2 9
 1 0 0 0 0 0 0 0 0 0 2 2 2 9 9
 9 1 1 1 1 1 1 2 2 2 2 2 9 9 9
# Turn information for samurai of side 0 with weapon 0
# <turn>
240
# <cure period>
0
# Samurai states: <position x> <position y> <hiding>
5 14 0
11 6 1
10 9 0
14 9 0
-1 -1 1
-1 -1 1
# Battle field states
 9 9 9 9 9 9 9 9 9 9 9 9 9 9 9
 9 9 9 9 9 9 9 9 9 9 9 3 9 9 9
 9 9 9 9 9 9 9 9 9 9 3 3 4 9 9
 9 9 9 9 9 9 9 9 9 3 3 4 1 1 9
 9 9 9 9 9 9 9 9 2 2 3 1 1 1 1
 9 9 9 9 9 9 9 0 3 3 1 1 1 1 1
 9 9 9 9 9 9 5 0 0 0 1 1 1 1 1
 9 9 9 9 9 9 9 0 0 1 1 1 1 1 1
 9 9 9 9 9 9 0 0 1 2 2 2 1 1 1
 9 9 9 9 9 0 0 1 1 2 2 2 1 1 2
 9 9 9 9 1 0 0 2 2 2 2 2 2 2 3
 9 9 9 0 0 0 0 2 2 2 2 2 2 2 9
 9 9 0 0 0 0 0 2 2 2 2 2 2 9 9
 9 0 0 0 0 0 0 0 0 0 2 2 9 9 9
 8 0 0 0 0 1 1 2 2 2 2 9 9 9 9
# Turn information for samurai of side 0 with weapon 0
# <turn>
247
# <cure period>
0
# Samurai states: <position x> <position y> <hiding>
4 14 1
11 5 0
11 9 1
14 9 0
-1 -1 1
-1 -1 1
# Battle field states
 9 9 9 9 9 9 9 9 9 9 9 3 9 9 9
 9 9 9 9 9 9 9 9 9 9 3 3 4 9 9
 9 9 9 9 9 9 9 9 9 3 3 3 4 4 9
 9 9 9 9 9 9 9 9 3 3 3 1 1 4 4
 9 9 9 9 9 9 9 8 2 2 1 1 1 1 4
 9 9 9 9 9 9 5 0 3 1 1 1 1 1 1
 9 9 9 9 9 9 9 0 0 0 1 1 1 1 1
 9 9 9 9 9 9 9 9 0 1 1 1 1 1 1
 9 9 9 9 9 9 9 0 1 2 2 2 2 1 1
 9 9 9 9 0 9 0 1 1 2 2 2 2 1 2
 9 9 9 1 1 0 9 2 2 2 2 2 2 2 3
 9 9 0 0 0 0 0 9 2 2 2 2 2 2 3
 9 0 0 0 0 0 0 2 9 2 2 2 2 2 9
 1 0 0 0 0 0 0 0 0 9 2 2 2 9 9
 8 0 0 0 0 0 0 0 0 2 9 2 9 9 9
# Turn information for samurai of side 0 with weapon 0
# <turn>
252
# <cure period>
0
# Samurai states: <position x> <position y> <hiding>
4 14 1
11 4 1
12 9 0
14 9 0
-1 -1 1
-1 -1 1
# Battle field states
 9 9 9 9 9 9 9 9 9 9 3 3 4 9 9
 9 9 9 9 9 9 9 9 9 3 3 3 4 4 9
 9 9 9 9 9 9 9 9 3 3 3 1 4 4 4
 9 9 9 9 9 9 9 8 3 3 1 1 4 4 4
 9 9 9 9 9 9 5 8 2 1 1 1 1 4 4
 9 9 9 9 9 9 9 0 3 1 1 1 1 1 4
 9 9 9 9 9 9 9 9 0 0 1 1 1 1 1
 9 9 9 9 9 9 9 9 9 1 1 1 1 1 1
 9 9 9 9 9 9 9 9 1 2 2 2 2 2 1
 9 9 9 9 5 9 9 1 1 2 2 2 2 2 2
 9 9 9 1 0 0 9 9 2 2 2 2 2 2 3
 9 9 0 0 0 0 0 9 9 2 2 2 2 2 3
 9 0 0 0 0 0 0 2 9 9 2 2 2 2 3
 1 0 0 0 0 0 0 0 0 9 9 2 2 2 9
 8 0 0 0 0 0 0 0 0 2 9 9 2 9 9
# Turn information for samurai of side 0 with weapon 0
# <turn>
259
# <cure period>
0
# Samurai states: <position x> <position y> <hiding>
4 13 0
12 4 0
9 14 0
-1 -1 1
-1 -1 1
5 9 0
# Battle field states
 9 9 9 9 9 9 9 9 9 9 9 3 4 4 9
 9 9 9 9 9 9 9 9 9 9 3 3 4 4 4
 9 9 9 9 9 9 9 9 9 3 3 1 1 4 4
 9 9 9 9 9 9 9 9 3 3 1 1 1 1 4
 9 9 9 9 9 9 9 8 2 1 1 1 4 1 1
 9 9 9 9 9 9 9 9 3 1 1 1 1 4 4
 9 9 9 9 9 9 9 9 9 0 1 1 1 1 4
 9 9 9 9 9 9 9 9 9 9 1 1 1 1 1
 9 9 9 9 5 9 9 9 9 9 9 2 2 2 9
 9 9 9 0 5 5 9 9 9 2 9 9 3 9 9
 9 9 0 1 5 0 5 9 2 2 3 9 9 9 9
 9 0 0 0 0 0 0 2 2 2 2 2 9 9 9
 1 0 0 0 0 0 0 2 2 2 2 2 2 9 9
 1 0 0 0 0 0 0 0 0 0 2 2 2 2 9
 8 0 0 0 0 0 0 0 0 2 2 2 2 2 2
# Turn information for samurai of side 0 with weapon 0
# <turn>
264
# <cure period>
0
# Samurai states: <position x> <position y> <hiding>
4 12 1
12 5 1
9 14 0
-1 -1 1
-1 -1 1
4 9 0
# Battle field states
 9 9 9 9 9 9 9 9 9 9 9 9 4 9 9
 9 9 9 9 9 9 9 9 9 9 9 3 4 4 9
 9 9 9 9 9 9 9 9 9 9 3 1 1 4 4
 9 9 9 9 9 9 9 9 9 3 1 1 1 1 4
 9 9 9 9 9 9 9 9 2 1 1 1 1 1 1
 9 9 9 9 9 9 9 0 3 1 1 1 1 1 1
 9 9 9 9 9 9 9 9 0 0 1 1 1 1 4
 9 9 9 9 5 9 9 9 9 1 1 1 1 1 1
 9 9 9 5 5 5 9 9 9 9 2 2 2 2 1
 9 9 0 0 0 5 5 9 9 2 9 3 3 3 9
 9 0 0 5 5 5 5 2 2 2 3 9 3 9 9
 1 0 0 0 0 0 0 2 2 2 2 2 9 9 9
 1 0 0 0 0 0 0 2 2 2 2 2 2 9 9
 1 0 0 0 0 0 0 0 0 0 2 2 2 2 9
 9 0 0 0 0 0 0 0 0 2 2 2 2 2 2
# Turn information for samurai of side 0 with weapon 0
# <turn>
271
# <cure period>
0
# Samurai states: <position x> <position y> <hiding>
5 12 0
12 6 0
9 14 0
-1 -1 1
-1 -1 1
-1 -1 1
# Battle field states
 9 9 9 9 9 9 9 9 9 9 9 9 9 9 9
 9 9 9 9 9 9 9 9 9 9 9 9 4 9 9
 9 9 9 9 9 9 9 9 9 9 9 1 1 4 9
 9 9 9 9 9 9 9 9 9 9 1 1 1 1 4
 9 9 9 9 9 9 9 9 9 1 1 1 1 1 1
 9 9 9 9 9 9 9 9 3 1 1 1 1 1 1
 9 9 9 9 9 9 9 0 0 0 1 1 1 1 1
 9 9 9 9 9 5 9 9 0 1 1 1 1 1 1
 9 9 9 9 5 0 5 9 9 2 2 2 1 2 1
 9 9 9 5 5 5 5 1 9 2 3 3 3 3 2
 9 9 0 5 5 5 5 2 2 2 3 3 3 3 9
 9 0 0 5 5 5 0 2 2 2 3 3 3 9 9
 1 0 0 0 0 0 0 2 2 2 3 3 3 9 9
 9 0 0 0 0 0 0 0 0 0 2 2 2 2 9
 9 9 0 0 0 0 0 0 0 2 2 2 2 2 2
# Turn information for samurai of side 0 with weapon 0
# <turn>
276
# <cure period>
0
# Samurai states: <position x> <position y> <hiding>
4 12 1
12 7 1
9 14 0
-1 -1 1
-1 -1 1
-1 -1 1
# Battle field states
 9 9 9 9 9 9 9 9 9 9 9 9 9 9 9
 9 9 9 9 9 9 9 9 9 9 9 9 9 9 9
 9 9 9 9 9 9 9 9 9 9 9 9 1 9 9
 9 9 9 9 9 9 9 9 9 9 9 1 1 1 9
 9 9 9 9 9 9 9 9 9 9 1 1 1 1 1
 9 9 9 9 9 9 9 9 9 1 1 1 1 1 1
 9 9 9 9 9 9 9 9 0 0 1 1 1 1 1
 9 9 9 9 5 9 9 0 0 1 1 1 1 1 1
 9 9 9 5 0 0 9 9 1 2 2 2 1 1 1
 9 9 0 5 0 5 5 9 9 2 3 3 1 3 2
 9 0 0 5 0 5 5 2 2 2 3 3 3 3 3
 1 0 0 5 0 5 0 2 2 2 3 3 3 3 9
 1 0 0 0 0 0 0 2 2 2 3 3 3 9 9
 1 0 0 0 0 0 0 0 0 0 2 2 2 2 9
 9 0 0 0 0 0 0 0 0 2 2 2 2 2 2
# Turn information for samurai of side 0 with weapon 0
# <turn>
283
# <cure period>
0
# Samurai states: <position x> <position y> <hiding>
3 12 0
12 8 0
9 14 0
14 14 0
-1 -1 1
-1 -1 1
# Battle field states
 9 9 9 9 9 9 9 9 9 9 9 9 9 9 9
 9 9 9 9 9 9 9 9 9 9 9 9 9 9 9
 9 9 9 9 9 9 9 9 9 9 9 9 9 9 9
 9 9 9 9 9 9 9 9 9 9 9 9 1 9 9
 9 9 9 9 9 9 9 9 9 9 9 1 1 1 9
 9 9 9 9 9 9 9 9 9 9 1 1 1 1 1
 9 9 9 9 9 9 9 9 9 0 1 1 1 1 1
 9 9 9 5 9 9 9 9 0 1 1 1 1 1 1
 9 9 0 0 0 9 9 0 1 2 1 1 1 1 1
 9 0 0 0 0 5 9 9 1 2 3 1 1 3 2
 0 0 0 0 0 5 5 9 2 2 3 3 1 3 3
 1 0 0 0 0 5 0 2 2 2 3 3 3 3 3
 1 0 0 0 0 0 0 2 2 2 3 3 3 3 9
 1 0 0 0 0 0 0 0 0 0 3 3 3 3 9
 8 0 0 0 0 0 0 0 0 2 3 3 3 3 2
# Turn information for samurai of side 0 with weapon 0
# <turn>
288
# <cure period>
0
# Samurai states: <position x> <position y> <hiding>
3 11 1
12 9 1
9 13 1
-1 -1 1
-1 -1 1
-1 -1 1
# Battle field states
 9 9 9 9 9 9 9 9 9 9 9 9 9 9 9
 9 9 9 9 9 9 9 9 9 9 9 9 9 9 9
 9 9 9 9 9 9 9 9 9 9 9 9 9 9 9
 9 9 9 9 9 9 9 9 9 9 9 9 9 9 9
 9 9 9 9 9 9 9 9 9 9 9 9 1 9 9
 9 9 9 9 9 9 9 9 9 9 9 1 1 1 9
 9 9 9 5 9 9 9 9 9 9 1 1 1 1 1
 9 9 5 5 5 9 9 9 9 1 1 1 1 1 1
 9 0 0 0 0 0 9 9 1 2 1 1 1 1 1
 0 0 0 0 0 5 5 1 1 2 3 1 1 1 1
 0 0 0 0 0 5 5 2 2 2 3 3 1 1 3
 1 0 0 0 0 0 0 0 2 2 3 3 1 3 3
 1 0 0 0 0 0 0 2 2 2 2 3 3 3 3
 1 0 0 0 0 0 0 0 2 0 2 3 3 3 3
 9 0 0 0 0 0 0 0 2 2 2 3 3 3 9
# Turn information for samurai of side 0 with weapon 0
# <turn>
295
# <cure period>
0
# Samurai states: <position x> <position y> <hiding>
3 10 0
11 9 0
9 14 0
13 13 0
-1 -1 1
-1 -1 1
# Battle field states
 9 9 9 9 9 9 9 9 9 9 9 9 9 9 9
 9 9 9 9 9 9 9 9 9 9 9 9 9 9 9
 9 9 9 9 9 9 9 9 9 9 9 9 9 9 9
 9 9 9 9 9 9 9 9 9 9 9 9 9 9 9
 9 9 9 9 9 9 9 9 9 9 9 1 9 9 9
 9 9 9 5 9 9 9 9 9 9 1 1 1 9 9
 9 9 5 5 5 9 9 9 9 0 1 1 1 1 9
 9 5 5 5 5 5 9 9 0 1 1 1 1 1 1
 0 0 0 0 0 0 5 0 1 2 1 1 1 1 1
 0 0 0 0 0 5 5 1 1 1 1 1 1 1 1
 0 0 0 0 0 0 0 0 2 2 1 1 1 1 3
 1 0 0 0 0 0 0 0 2 2 3 1 1 3 3
 1 0 0 0 0 0 0 2 2 2 2 2 3 3 9
 9 0 0 0 0 0 0 0 2 3 3 3 3 3 9
 9 9 0 0 0 0 0 0 2 2 2 2 3 3 2
# Turn information for samurai of side 0 with weapon 0
# <turn>
300
# <cure period>
0
# Samurai states: <position x> <position y> <hiding>
3 9 1
11 10 1
9 14 0
13 13 0
-1 -1 1
-1 -1 1
# Battle field states
 9 9 9 9 9 9 9 9 9 9 9 9 9 9 9
 9 9 9 9 9 9 9 9 9 9 9 9 9 9 9
 9 9 9 9 9 9 9 9 9 9 9 9 9 9 9
 9 9 9 9 9 9 9 9 9 9 9 9 9 9 9
 9 9 9 5 9 9 9 9 9 9 9 9 9 9 9
 9 9 5 0 5 9 9 9 9 9 9 1 9 9 9
 9 5 5 0 5 5 9 9 9 9 1 1 1 9 9
 0 5 5 0 5 5 5 9 9 1 1 1 1 1 9
 0 0 0 0 0 0 5 0 1 2 1 1 1 1 1
 0 0 0 0 0 5 5 1 1 1 1 1 1 1 1
 0 0 0 0 0 0 0 0 2 1 1 1 1 1 3
 1 0 0 0 0 0 0 0 2 2 1 1 1 3 3
 9 0 0 0 0 0 0 2 2 2 2 1 3 3 3
 9 9 0 0 0 0 0 0 2 3 3 3 3 3 9
 9 9 9 0 0 0 0 0 2 2 2 2 3 3 2
# Turn information for samurai of side 0 with weapon 0
# <turn>
307
# <cure period>
0
# Samurai states: <position x> <position y> <hiding>
4 9 0
0 14 0
9 14 0
12 12 0
-1 -1 1
-1 -1 1
# Battle field states
 9 9 9 9 9 9 9 9 9 9 9 9 9 9 9
 9 9 9 9 9 9 9 9 9 9 9 9 9 9 9
 9 9 9 9 9 9 9 9 9 9 9 9 9 9 9
 9 9 9 9 9 9 9 9 9 9 9 9 9 9 9
 9 9 9 9 5 9 9 9 9 9 9 9 9 9 9
 9 9 9 0 0 5 9 9 9 9 9 9 9 9 9
 9 9 5 0 0 5 5 9 9 9 9 9 9 9 9
 9 5 5 0 0 5 5 0 9 9 9 9 9 9 9
 0 0 0 0 0 0 5 0 1 9 9 9 9 9 9
 0 0 0 0 0 5 5 1 1 1 9 9 9 9 9
 0 0 0 0 0 0 0 0 2 1 1 9 9 9 9
 1 0 0 0 0 0 0 0 2 2 1 1 9 9 9
 1 0 0 0 0 0 0 2 2 2 2 1 1 9 9
 1 0 0 0 0 0 0 0 2 3 3 3 3 3 9
 8 0 0 0 0 0 0 0 2 2 2 2 3 3 2
# Turn information for samurai of side 0 with weapon 0
# <turn>
312
# <cure period>
0
# Samurai states: <position x> <position y> <hiding>
5 9 0
0 14 0
9 14 0
12 12 0
-1 -1 1
-1 -1 1
# Battle field states
 9 9 9 9 9 9 9 9 9 9 9 9 9 9 9
 9 9 9 9 9 9 9 9 9 9 9 9 9 9 9
 9 9 9 9 9 9 9 9 9 9 9 9 9 9 9
 9 9 9 9 9 9 9 9 9 9 9 9 9 9 9
 9 9 9 9 9 5 9 9 9 9 9 9 9 9 9
 9 9 9 9 0 0 5 9 9 9 9 9 9 9 9
 9 9 9 0 0 0 5 0 9 9 9 9 9 9 9
 9 9 5 0 0 0 5 0 0 9 9 9 9 9 9
 9 0 0 0 0 0 5 0 1 2 9 9 9 9 9
 0 0 0 0 0 5 5 1 1 1 1 9 9 9 9
 0 0 0 0 0 0 0 0 2 1 1 9 9 9 9
 1 0 0 0 0 0 0 0 2 2 1 1 9 9 9
 1 0 0 0 0 0 0 2 2 2 2 1 1 9 9
 1 0 0 0 0 0 0 0 2 3 3 3 3 3 9
 8 0 0 0 0 0 0 0 2 2 2 2 3 3 2
# Turn information for samurai of side 0 with weapon 0
# <turn>
319
# <cure period>
0
# Samurai states: <position x> <position y> <hiding>
6 9 0
0 14 0
9 14 0
12 14 0
-1 -1 1
-1 -1 1
# Battle field states
 9 9 9 9 9 9 9 9 9 9 9 9 9 9 9
 9 9 9 9 9 9 9 9 9 9 9 9 9 9 9
 9 9 9 9 9 9 9 9 9 9 9 9 9 9 9
 9 9 9 9 9 9 9 9 9 9 9 9 9 9 9
 9 9 9 9 9 9 5 9 9 9 9 9 9 9 9
 9 9 9 9 9 0 0 0 9 9 9 9 9 9 9
 9 9 9 9 0 0 0 0 0 9 9 9 9 9 9
 9 9 9 0 0 0 0 0 0 1 9 9 9 9 9
 9 9 0 0 0 0 0 0 1 2 1 9 9 9 9
 0 0 0 0 0 5 5 1 1 1 1 1 9 9 9
 0 0 0 0 0 0 0 0 2 1 1 9 9 9 9
 1 0 0 0 0 0 0 0 2 2 1 1 9 9 9
 1 0 0 0 0 0 0 2 3 3 3 3 1 9 9
 1 0 0 0 0 0 0 0 2 3 3 3 3 3 9
 8 0 0 0 0 0 0 0 3 3 3 3 3 3 2
# Turn information for samurai of side 0 with weapon 0
# <turn>
324
# <cure period>
0
# Samurai states: <position x> <position y> <hiding>
7 9 1
0 14 0
9 14 0
12 14 0
-1 -1 1
-1 -1 1
# Battle field states
 9 9 9 9 9 9 9 9 9 9 9 9 9 9 9
 9 9 9 9 9 9 9 9 9 9 9 9 9 9 9
 9 9 9 9 9 9 9 9 9 9 9 9 9 9 9
 9 9 9 9 9 9 9 9 9 9 9 9 9 9 9
 9 9 9 9 9 9 9 8 9 9 9 9 9 9 9
 9 9 9 9 9 9 0 0 3 9 9 9 9 9 9
 9 9 9 9 9 0 0 0 0 0 9 9 9 9 9
 9 9 9 9 0 0 0 0 0 1 1 9 9 9 9
 9 9 9 0 0 0 0 0 1 2 1 1 9 9 9
 0 9 0 0 0 0 0 1 1 1 1 1 3 9 9
 0 0 9 0 0 0 0 0 2 1 1 1 9 9 9
 1 0 0 9 0 0 0 0 2 2 1 1 9 9 9
 1 0 0 0 9 0 0 2 3 3 3 3 1 9 9
 1 0 0 0 0 0 0 0 2 3 3 3 3 3 9
 8 0 0 0 0 0 0 0 3 3 3 3 3 3 2
# Turn information for samurai of side 0 with weapon 0
# <turn>
331
# <cure period>
0
# Samurai states: <position x> <position y> <hiding>
8 9 0
0 14 0
9 14 0
-1 -1 1
-1 -1 1
-1 -1 1
# Battle field states
 9 9 9 9 9 9 9 9 9 9 9 9 9 9 9
 9 9 9 9 9 9 9 9 9 9 9 9 9 9 9
 9 9 9 9 9 9 9 9 9 9 9 9 9 9 9
 9 9 9 9 9 9 9 9 9 9 9 9 9 9 9
 9 9 9 9 9 9 9 9 5 9 9 9 9 9 9
 9 9 9 9 9 9 9 0 3 4 9 9 9 9 9
 9 9 9 9 9 9 0 0 0 0 4 9 9 9 9
 9 9 9 9 9 0 0 0 0 1 1 4 9 9 9
 9 9 9 9 0 0 0 0 1 2 1 1 3 9 9
 0 9 9 0 0 0 0 1 1 1 1 1 3 3 9
 0 0 9 9 0 0 0 0 0 1 1 1 3 9 9
 1 0 0 9 9 0 0 0 0 2 1 1 9 9 9
 1 0 0 0 9 9 0 2 0 3 3 3 1 9 9
 1 0 0 0 0 0 0 0 0 3 3 3 3 3 9
 8 0 0 0 0 0 0 0 3 3 3 3 3 3 3
# Turn information for samurai of side 0 with weapon 0
# <turn>
336
# <cure period>
0
# Samurai states: <position x> <position y> <hiding>
9 9 1
0 14 0
9 14 0
-1 -1 1
-1 -1 1
-1 -1 1
# Battle field states
 9 9 9 9 9 9 9 9 9 9 9 9 9 9 9
 9 9 9 9 9 9 9 9 9 9 9 9 9 9 9
 9 9 9 9 9 9 9 9 9 9 9 9 9 9 9
 9 9 9 9 9 9 9 9 9 9 9 9 9 9 9
 9 9 9 9 9 9 9 9 9 1 9 9 9 9 9
 9 9 9 9 9 9 9 9 5 4 4 9 9 9 9
 9 9 9 9 9 9 9 0 0 4 4 4 9 9 9
 9 9 9 9 9 9 0 0 0 1 4 4 4 9 9
 9 9 9 9 9 0 0 0 1 2 1 4 3 3 9
 0 9 9 9 0 0 0 1 1 1 1 1 3 3 1
 0 0 9 9 9 0 0 0 0 0 1 1 3 3 9
 1 0 0 9 9 9 0 0 0 0 1 1 3 9 9
 1 0 0 0 9 9 0 2 0 0 3 3 1 9 9
 1 0 0 0 0 0 0 0 0 0 3 3 3 3 9
 8 0 0 0 0 0 0 0 3 3 3 3 3 3 3
# Turn information for samurai of side 0 with weapon 0
# <turn>
343
# <cure period>
0
# Samurai states: <position x> <position y> <hiding>
10 9 0
1 14 1
9 14 0
-1 -1 1
11 7 0
-1 -1 1
# Battle field states
 9 9 9 9 9 9 9 9 9 9 9 9 9 9 9
 9 9 9 9 9 9 9 9 9 9 9 9 9 9 9
 9 9 9 9 9 9 9 9 9 9 9 9 9 9 9
 9 9 9 9 9 9 9 9 9 9 9 9 9 9 9
 9 9 9 9 9 9 9 9 9 9 4 9 9 9 9
 9 9 9 9 9 9 9 9 9 4 0 4 9 9 9
 9 9 9 9 9 9 9 9 5 4 0 4 4 9 9
 9 9 9 9 9 9 9 0 0 4 4 4 4 1 9
 9 9 9 9 9 9 0 0 1 2 4 4 3 3 1
 9 0 9 9 9 0 0 1 1 1 1 4 3 3 1
 0 0 0 9 9 9 0 0 0 0 1 1 3 3 3
 1 0 0 0 9 9 9 0 0 0 1 1 3 3 9
 1 1 0 0 0 9 0 2 0 0 3 3 1 9 9
 1 1 1 0 0 0 0 0 0 0 3 3 3 3 9
 8 0 1 1 0 0 0 0 3 3 3 3 3 3 3
# Turn information for samurai of side 0 with weapon 0
# <turn>
348
# <cure period>
0
# Samurai states: <position x> <position y> <hiding>
11 9 0
2 14 0
9 14 0
-1 -1 1
-1 -1 1
-1 -1 1
# Battle field states
 9 9 9 9 9 9 9 9 9 9 9 9 9 9 9
 9 9 9 9 9 9 9 9 9 9 9 9 9 9 9
 9 9 9 9 9 9 9 9 9 9 9 9 9 9 9
 9 9 9 9 9 9 9 9 9 9 9 9 9 9 9
 9 9 9 9 9 9 9 9 9 9 9 4 9 9 9
 9 9 9 9 9 9 9 9 9 9 0 0 4 9 9
 9 9 9 9 9 9 9 9 9 4 0 0 4 4 9
 9 9 9 9 9 9 9 9 5 4 4 0 4 1 1
 9 9 9 9 9 9 9 0 1 2 4 0 3 3 1
 9 9 0 9 9 9 0 1 1 1 1 4 3 3 1
 9 0 0 0 9 9 9 0 0 0 1 1 3 3 3
 1 0 0 0 0 9 9 0 0 0 1 1 3 3 3
 1 1 1 0 0 0 0 2 0 0 3 3 1 3 9
 1 1 1 1 0 0 0 0 0 0 3 3 3 3 9
 8 0 1 1 1 0 0 0 3 3 3 3 3 3 3
# Turn information for samurai of side 0 with weapon 0
# <turn>
355
# <cure period>
0
# Samurai states: <position x> <position y> <hiding>
12 9 0
3 14 1
9 13 1
-1 -1 1
-1 -1 1
-1 -1 1
# Battle field states
 9 9 9 9 9 9 9 9 9 9 9 9 9 9 9
 9 9 9 9 9 9 9 9 9 9 9 9 9 9 9
 9 9 9 9 9 9 9 9 9 9 9 9 9 9 9
 9 9 9 9 9 9 9 9 9 9 9 9 9 9 9
 9 9 9 9 9 9 9 9 9 9 9 9 4 9 9
 9 9 9 9 9 9 9 9 9 9 9 0 0 4 9
 9 9 9 9 9 9 9 9 9 9 0 0 0 4 1
 9 9 9 9 9 9 9 9 9 4 4 0 0 1 1
 9 9 9 9 9 9 9 9 5 2 4 0 0 3 3
 9 9 9 0 9 9 9 1 1 1 1 4 3 3 3
 9 9 0 0 0 9 9 0 0 0 1 1 3 3 3
 9 0 0 0 0 0 0 0 0 0 1 1 3 3 3
 1 1 1 1 0 0 0 2 2 3 3 3 3 3 3
 1 1 1 1 1 0 0 0 2 0 2 3 3 3 3
 8 0 1 1 1 1 0 0 2 3 2 3 3 3 9
# Turn information for samurai of side 0 with weapon 0
# <turn>
360
# <cure period>
0
# Samurai states: <position x> <position y> <hiding>
12 8 1
4 14 0
10 13 0
-1 -1 1
-1 -1 1
7 8 0
# Battle field states
 9 9 9 9 9 9 9 9 9 9 9 9 9 9 9
 9 9 9 9 9 9 9 9 9 9 9 9 9 9 9
 9 9 9 9 9 9 9 9 9 9 9 9 9 9 9
 9 9 9 9 9 9 9 9 9 9 9 9 4 9 9
 9 9 9 9 9 9 9 9 9 9 9 4 4 4 9
 9 9 9 9 9 9 9 9 9 9 0 0 0 4 4
 9 9 9 9 9 9 9 9 9 4 0 0 0 4 1
 9 9 9 9 9 9 9 9 5 4 4 0 0 1 1
 9 9 9 9 9 9 9 5 5 2 4 0 0 3 3
 9 9 9 9 0 9 9 9 5 1 1 4 3 3 3
 9 9 9 0 0 0 9 9 0 0 1 1 0 3 3
 9 9 0 0 0 0 0 0 0 0 1 1 0 3 3
 9 1 1 1 1 0 0 2 2 2 2 2 0 3 3
 1 1 1 1 1 1 0 0 2 0 2 2 0 3 3
 8 0 1 1 1 1 1 0 2 2 2 2 3 3 3
# Turn information for samurai of side 0 with weapon 0
# <turn>
367
# <cure period>
0
# Samurai states: <position x> <position y> <hiding>
13 8 0
5 14 1
11 13 1
14 9 0
-1 -1 1
-1 -1 1
# Battle field states
 9 9 9 9 9 9 9 9 9 9 9 9 9 9 9
 9 9 9 9 9 9 9 9 9 9 9 9 9 9 9
 9 9 9 9 9 9 9 9 9 9 9 9 9 9 9
 9 9 9 9 9 9 9 9 9 9 9 9 9 4 9
 9 9 9 9 9 9 9 9 9 9 9 9 4 4 4
 9 9 9 9 9 9 9 9 9 9 9 0 0 4 4
 9 9 9 9 9 9 9 9 9 9 0 0 0 4 1
 9 9 9 9 9 9 9 9 9 4 4 0 0 1 1
 9 9 9 9 9 9 9 9 5 2 4 0 0 3 3
 9 9 9 9 9 0 9 9 9 1 1 4 3 0 3
 9 9 9 9 0 0 5 9 9 0 1 1 0 0 3
 9 9 9 0 0 0 0 0 0 0 1 1 0 0 3
 9 9 1 1 1 1 0 2 2 2 2 2 2 0 3
 9 1 1 1 1 1 1 0 2 0 2 2 2 3 3
 8 0 1 1 1 1 1 1 2 2 2 2 2 3 3
# Turn information for samurai of side 0 with weapon 0
# <turn>
372
# <cure period>
0
# Samurai states: <position x> <position y> <hiding>
13 7 1
6 14 0
12 13 0
14 9 0
-1 -1 1
7 10 0
# Battle field states
 9 9 9 9 9 9 9 9 9 9 9 9 9 9 9
 9 9 9 9 9 9 9 9 9 9 9 9 9 9 9
 9 9 9 9 9 9 9 9 9 9 9 9 9 4 9
 9 9 9 9 9 9 9 9 9 9 9 9 4 0 4
 9 9 9 9 9 9 9 9 9 9 9 4 4 0 4
 9 9 9 9 9 9 9 9 9 9 0 0 0 0 4
 9 9 9 9 9 9 9 9 9 4 0 0 0 0 1
 9 9 9 9 9 9 9 9 5 4 4 0 0 1 1
 9 9 9 9 9 9 9 9 9 2 4 0 0 3 3
 9 9 9 9 9 9 5 9 9 9 1 4 3 0 3
 9 9 9 9 9 0 5 5 9 9 1 1 0 0 3
 9 9 9 9 0 0 5 5 5 0 1 1 0 0 3
 9 9 9 1 1 1 1 2 2 2 2 2 2 2 3
 9 9 1 1 1 1 1 1 2 0 2 2 2 2 3
 9 0 1 1 1 1 1 1 1 2 2 2 2 2 3
# Turn information for samurai of side 0 with weapon 0
# <turn>
379
# <cure period>
0
# Samurai states: <position x> <position y> <hiding>
14 7 0
6 13 1
13 13 1
14 9 0
-1 -1 1
-1 -1 1
# Battle field states
 9 9 9 9 9 9 9 9 9 9 9 9 9 9 9
 9 9 9 9 9 9 9 9 9 9 9 9 9 9 9
 9 9 9 9 9 9 9 9 9 9 9 9 9 9 4
 9 9 9 9 9 9 9 9 9 9 9 9 9 0 4
 9 9 9 9 9 9 9 9 9 9 9 9 4 0 0
 9 9 9 9 9 9 9 9 9 9 9 0 0 0 0
 9 9 9 9 9 9 9 9 9 9 0 0 0 0 0
 9 9 9 9 9 9 9 9 9 4 4 0 0 1 1
 9 9 9 9 9 9 5 9 9 9 4 0 0 3 3
 9 9 9 9 9 0 5 5 9 9 9 4 3 0 3
 9 9 9 9 0 0 5 5 5 9 9 1 0 0 3
 9 9 9 0 0 0 5 5 5 0 1 1 0 0 3
 9 9 1 1 1 1 5 1 5 2 2 2 2 2 2
 9 1 1 1 1 1 1 1 1 0 2 2 2 2 2
 9 9 1 1 1 1 1 1 1 2 2 2 2 2 2
# Turn information for samurai of side 0 with weapon 0
# <turn>
384
# <cure period>
0
# Samurai states: <position x> <position y> <hiding>
14 6 1
6 12 0
13 12 0
14 9 0
14 2 0
-1 -1 1
# Battle field states
 9 9 9 9 9 9 9 9 9 9 9 9 9 9 9
 9 9 9 9 9 9 9 9 9 9 9 9 9 9 4
 9 9 9 9 9 9 9 9 9 9 9 9 9 4 4
 9 9 9 9 9 9 9 9 9 9 9 9 4 4 4
 9 9 9 9 9 9 9 9 9 9 9 4 4 0 4
 9 9 9 9 9 9 9 9 9 9 0 0 0 0 0
 9 9 9 9 9 9 9 9 9 4 0 0 0 0 0
 9 9 9 9 9 9 5 9 9 9 4 0 0 1 1
 9 9 9 9 9 0 5 5 9 9 9 0 0 3 0
 9 9 9 9 0 0 5 5 5 9 9 4 3 0 0
 9 9 9 0 0 0 1 5 5 0 1 1 0 0 0
 9 9 0 0 0 0 1 1 5 0 1 1 2 2 2
 9 1 1 1 1 1 5 1 1 2 2 2 2 2 2
 9 9 1 1 1 1 1 1 1 0 2 2 2 2 2
 9 9 9 1 1 1 1 1 1 2 2 2 2 2 2
# Turn information for samurai of side 0 with weapon 0
# <turn>
391
# <cure period>
0
# Samurai states: <position x> <position y> <hiding>
14 5 0
6 11 1
13 11 1
14 9 0
14 0 0
-1 -1 1
# Battle field states
 9 9 9 9 9 9 9 9 9 9 9 9 9 9 2
 9 9 9 9 9 9 9 9 9 9 9 9 9 4 0
 9 9 9 9 9 9 9 9 9 9 9 9 4 4 0
 9 9 9 9 9 9 9 9 9 9 9 4 4 4 0
 9 9 9 9 9 9 9 9 9 9 4 4 4 0 0
 9 9 9 9 9 9 9 9 9 4 0 0 0 0 0
 9 9 9 9 9 9 5 9 9 9 0 0 0 0 0
 9 9 9 9 9 0 5 5 9 9 9 0 0 1 1
 9 9 9 9 0 0 5 5 5 9 9 0 0 3 0
 9 9 9 0 0 0 1 5 5 1 1 4 3 0 0
 9 9 0 0 0 0 1 1 5 0 1 1 2 2 2
 9 0 0 0 0 0 1 1 1 0 1 1 2 2 2
 9 9 1 1 1 1 5 1 1 2 2 2 2 2 2
 9 9 9 1 1 1 1 1 1 0 2 2 2 2 2
 9 9 9 9 1 1 1 1 1 9 9 2 2 2 2
# Turn information for samurai of side 0 with weapon 0
# <turn>
396
# <cure period>
0
# Samurai states: <position x> <position y> <hiding>
14 4 1
6 10 0
13 10 0
14 9 0
14 0 0
-1 -1 1
# Battle field states
 9 9 9 9 9 9 9 9 9 9 9 9 9 4 2
 9 9 9 9 9 9 9 9 9 9 9 9 4 4 0
 9 9 9 9 9 9 9 9 9 9 9 4 4 4 0
 9 9 9 9 9 9 9 9 9 9 1 4 4 4 0
 9 9 9 9 9 9 9 9 9 1 0 0 0 0 0
 9 9 9 9 9 9 5 9 9 9 0 0 0 0 0
 9 9 9 9 9 0 5 5 9 9 9 0 0 0 0
 9 9 9 9 0 0 5 5 5 9 9 0 0 1 1
 9 9 9 0 0 0 1 5 5 2 4 0 0 3 0
 9 9 0 0 0 0 1 1 5 1 1 4 2 2 2
 9 0 0 0 0 0 1 1 1 0 1 1 2 2 2
 9 9 0 0 0 0 1 1 1 0 1 1 2 2 2
 9 9 9 1 1 1 5 1 1 2 2 2 2 2 2
 9 9 9 9 1 1 1 1 1 9 9 2 2 2 2
 9 9 9 9 9 1 1 1 9 9 9 9 2 2 2
# Turn information for samurai of side 0 with weapon 0
# <turn>
403
# <cure period>
0
# Samurai states: <position x> <position y> <hiding>
13 4 0
6 9 1
13 9 1
14 9 0
14 0 0
-1 -1 1
# Battle field states
 9 9 9 9 9 9 9 9 9 9 9 9 4 0 2
 9 9 9 9 9 9 9 9 9 9 9 4 4 0 0
 9 9 9 9 9 9 9 9 9 9 3 4 4 0 0
 9 9 9 9 9 9 9 9 9 3 1 4 4 0 0
 9 9 9 9 9 9 5 9 5 1 0 0 0 0 0
 9 9 9 9 9 0 5 5 9 4 0 0 0 0 0
 9 9 9 9 0 0 5 5 5 9 0 0 0 0 0
 9 9 9 0 0 0 1 5 5 4 4 0 0 1 1
 9 9 0 0 0 0 1 1 5 2 4 0 2 2 2
 9 0 0 0 0 0 1 1 1 1 1 4 2 2 2
 9 9 0 0 0 0 1 1 1 0 1 1 2 2 2
 9 9 9 0 0 0 1 1 1 0 1 1 2 2 2
 9 9 9 9 1 1 5 1 1 9 9 2 2 2 2
 9 9 9 9 9 1 1 1 9 9 9 9 2 2 2
 9 9 9 9 9 9 1 9 9 9 9 9 9 2 9
# Turn information for samurai of side 0 with weapon 0
# <turn>
408
# <cure period>
0
# Samurai states: <position x> <position y> <hiding>
12 4 1
6 8 0
12 9 0
14 9 0
-1 -1 1
-1 -1 1
# Battle field states
 9 9 9 9 9 9 9 9 9 9 9 4 0 0 9
 9 9 9 9 9 9 9 9 9 9 3 4 0 0 0
 9 9 9 9 9 9 9 9 9 3 3 4 0 0 0
 9 9 9 9 9 9 5 9 5 3 1 4 0 0 0
 9 9 9 9 9 5 5 5 5 1 0 0 0 0 0
 9 9 9 9 0 0 5 5 5 4 0 0 0 0 0
 9 9 9 0 0 0 1 5 5 4 0 0 0 0 0
 9 9 5 0 0 0 1 1 5 4 4 0 0 1 1
 9 0 0 0 0 0 1 1 1 2 4 2 2 2 2
 9 9 0 0 0 0 1 1 1 1 1 2 2 2 2
 9 9 9 0 0 0 1 1 1 0 1 2 2 2 2
 9 9 9 9 0 0 1 1 1 0 1 1 2 2 2
 9 9 9 9 9 1 5 1 9 9 2 2 2 2 2
 9 9 9 9 9 9 1 9 9 9 9 2 2 2 9
 9 9 9 9 9 9 9 9 9 9 9 9 2 9 9
# Turn information for samurai of side 0 with weapon 0
# <turn>
415
# <cure period>
0
# Samurai states: <position x> <position y> <hiding>
11 4 0
6 7 1
11 9 1
14 9 0
-1 -1 1
-1 -1 1
# Battle field states
 9 9 9 9 9 9 9 9 9 9 3 0 0 9 9
 9 9 9 9 9 9 9 9 9 3 3 0 0 0 9
 9 9 9 9 9 9 5 9 5 3 3 0 0 0 0
 9 9 9 9 9 5 5 5 5 3 1 0 0 0 0
 9 9 9 9 5 5 5 5 5 1 0 0 0 0 0
 9 9 9 0 0 0 1 5 5 4 0 0 0 0 0
 9 9 5 0 0 0 1 1 5 4 0 0 0 0 0
 9 5 5 0 0 0 1 1 1 4 4 0 0 1 1
 9 9 0 0 0 0 1 1 1 2 2 2 2 2 2
 9 9 9 0 0 0 1 1 1 1 2 2 2 2 2
 9 9 9 9 0 0 1 1 1 0 2 2 2 2 2
 9 9 9 9 9 0 1 1 1 0 1 1 2 2 2
 9 9 9 9 9 9 5 9 9 2 2 2 2 2 9
 9 9 9 9 9 9 9 9 9 9 2 2 2 9 9
 9 9 9 9 9 9 9 9 9 9 9 2 9 9 9
# Turn information for samurai of side 0 with weapon 0
# <turn>
420
# <cure period>
0
# Samurai states: <position x> <position y> <hiding>
11 3 1
7 7 0
11 8 0
14 9 0
-1 -1 1
-1 -1 1
# Battle field states
 9 9 9 9 9 9 9 9 9 3 3 0 4 4 9
 9 9 9 9 9 9 9 9 5 3 3 0 0 4 4
 9 9 9 9 9 9 9 5 5 3 3 0 0 0 4
 9 9 9 9 9 9 5 0 0 0 0 0 0 0 0
 9 9 9 9 9 5 5 5 5 1 0 0 0 0 0
 9 9 9 9 0 0 1 1 5 4 0 0 0 0 0
 9 9 9 0 0 0 1 1 1 4 0 0 0 0 0
 9 9 5 0 0 0 1 1 1 1 2 2 2 1 1
 9 9 9 0 0 0 1 1 1 2 2 2 2 2 2
 9 9 9 9 0 0 1 1 1 1 2 2 2 2 2
 9 9 9 9 9 0 1 1 1 0 2 2 2 2 2
 9 9 9 9 9 9 1 1 1 0 1 1 2 2 9
 9 9 9 9 9 9 9 1 9 9 2 2 2 9 9
 9 9 9 9 9 9 9 9 9 9 9 2 9 9 9
 9 9 9 9 9 9 9 9 9 9 9 9 9 9 9
# Turn information for samurai of side 0 with weapon 0
# <turn>
427
# <cure period>
0
# Samurai states: <position x> <position y> <hiding>
11 2 0
7 6 1
11 7 1
14 9 0
-1 -1 1
-1 -1 1
# Battle field states
 9 9 9 9 9 9 9 9 5 3 3 0 4 4 2
 9 9 9 9 9 9 9 5 5 3 3 0 4 4 4
 9 9 9 9 9 9 5 5 0 0 0 0 0 4 4
 9 9 9 9 9 5 5 0 0 0 0 0 0 0 4
 9 9 9 9 5 5 5 1 5 1 0 0 0 0 0
 9 9 9 0 0 0 1 1 1 4 0 0 0 0 0
 9 9 5 0 0 0 1 1 1 1 2 2 2 0 0
 9 9 9 0 0 0 1 1 1 1 2 2 2 1 1
 9 9 9 9 0 0 1 1 1 2 2 2 2 2 2
 9 9 9 9 9 0 1 1 1 1 2 2 2 2 2
 9 9 9 9 9 9 1 1 1 0 2 2 2 2 9
 9 9 9 9 9 9 9 1 9 9 1 1 2 9 9
 9 9 9 9 9 9 9 9 9 9 9 2 9 9 9
 9 9 9 9 9 9 9 9 9 9 9 9 9 9 9
 9 9 9 9 9 9 9 9 9 9 9 9 9 9 9
# Turn information for samurai of side 0 with weapon 0
# <turn>
432
# <cure period>
0
# Samurai states: <position x> <position y> <hiding>
11 1 1
8 6 0
11 6 0
-1 -1 1
14 2 0
-1 -1 1
# Battle field states
 9 9 9 9 9 9 9 5 5 3 3 0 4 4 2
 9 9 9 9 9 9 5 5 0 0 0 0 4 4 4
 9 9 9 9 9 9 9 5 0 0 0 0 4 4 4
 9 9 9 9 9 9 5 0 0 0 0 0 0 4 4
 9 9 9 9 9 5 5 1 1 1 0 0 0 0 4
 9 9 9 9 0 0 1 1 1 1 2 2 2 0 0
 9 9 9 0 0 0 1 1 1 1 2 2 2 0 0
 9 9 9 9 0 0 1 1 1 1 2 2 2 1 1
 9 9 9 9 9 0 1 1 1 2 2 2 2 2 2
 9 9 9 9 9 9 1 1 1 1 2 2 2 2 9
 9 9 9 9 9 9 9 1 1 0 2 2 2 9 9
 9 9 9 9 9 9 9 9 1 9 9 1 9 9 9
 9 9 9 9 9 9 9 9 9 9 9 9 9 9 9
 9 9 9 9 9 9 9 9 9 9 9 9 9 9 9
 9 9 9 9 9 9 9 9 9 9 9 9 9 9 9
# Turn information for samurai of side 0 with weapon 0
# <turn>
439
# <cure period>
0
# Samurai states: <position x> <position y> <hiding>
11 0 0
9 6 1
10 6 1
-1 -1 1
-1 -1 1
-1 -1 1
# Battle field states
 9 9 9 9 9 9 5 0 0 0 0 0 4 4 2
 9 9 9 9 9 9 9 5 5 0 0 0 4 4 4
 9 9 9 9 9 9 9 9 5 0 0 0 4 4 4
 9 9 9 9 9 9 9 5 5 0 0 0 4 4 9
 9 9 9 9 9 9 5 1 1 1 0 0 0 4 9
 9 9 9 9 9 0 1 1 1 2 2 2 2 0 4
 9 9 9 9 0 0 1 1 1 2 1 2 2 0 0
 9 9 9 9 9 0 1 1 1 2 2 2 2 1 1
 9 9 9 9 9 9 1 1 1 1 2 2 2 2 9
 9 9 9 9 9 9 9 1 1 1 3 3 3 9 9
 9 9 9 9 9 9 9 9 1 0 2 2 9 9 9
 9 9 9 9 9 9 9 9 9 0 1 9 9 9 9
 9 9 9 9 9 9 9 9 9 9 9 9 9 9 9
 9 9 9 9 9 9 9 9 9 9 9 9 9 9 9
 9 9 9 9 9 9 9 9 9 9 9 9 9 9 9
# Turn information for samurai of side 0 with weapon 0
# <turn>
444
# <cure period>
0
# Samurai states: <position x> <position y> <hiding>
11 1 1
10 6 0
10 5 0
-1 -1 1
14 4 0
-1 -1 1
# Battle field states
 9 9 9 9 9 9 9 0 0 0 0 0 4 4 2
 9 9 9 9 9 9 5 5 5 0 0 0 0 0 0
 9 9 9 9 9 9 9 5 5 0 0 0 4 4 4
 9 9 9 9 9 9 9 5 5 0 0 0 4 4 4
 9 9 9 9 9 9 5 5 5 2 2 2 4 4 4
 9 9 9 9 9 0 1 1 1 2 2 2 2 4 4
 9 9 9 9 9 0 1 1 1 2 2 2 1 0 4
 9 9 9 9 9 9 1 1 1 2 1 1 2 1 1
 9 9 9 9 9 9 9 1 1 1 1 2 2 2 9
 9 9 9 9 9 9 9 9 1 1 3 3 3 9 9
 9 9 9 9 9 9 9 9 9 0 2 2 9 9 9
 9 9 9 9 9 9 9 9 9 9 1 9 9 9 9
 9 9 9 9 9 9 9 9 9 9 9 9 9 9 9
 9 9 9 9 9 9 9 9 9 9 9 9 9 9 9
 9 9 9 9 9 9 9 9 9 9 9 9 9 9 9
# Turn information for samurai of side 0 with weapon 0
# <turn>
451
# <cure period>
0
# Samurai states: <position x> <position y> <hiding>
12 1 0
11 6 1
11 5 1
-1 -1 1
-1 -1 1
7 4 0
# Battle field states
 9 9 9 9 9 9 9 9 0 0 0 0 4 4 2
 9 9 9 9 9 9 9 5 5 0 0 0 0 0 0
 9 9 9 9 9 9 9 9 5 0 0 0 0 4 4
 9 9 9 9 9 9 9 9 5 0 0 0 0 4 4
 9 9 9 9 9 9 9 5 5 2 2 2 2 4 4
 9 9 9 9 9 9 5 5 5 2 2 1 2 4 4
 9 9 9 9 9 9 1 1 1 2 2 2 2 1 4
 9 9 9 9 9 9 9 1 1 2 1 1 2 1 1
 9 9 9 9 9 9 9 9 1 1 1 2 2 2 2
 9 9 9 9 9 9 9 9 9 1 3 3 3 3 9
 9 9 9 9 9 9 9 9 9 9 3 3 3 9 9
 9 9 9 9 9 9 9 9 9 9 9 3 9 9 9
 9 9 9 9 9 9 9 9 9 9 9 9 9 9 9
 9 9 9 9 9 9 9 9 9 9 9 9 9 9 9
 9 9 9 9 9 9 9 9 9 9 9 9 9 9 9
# Turn information for samurai of side 0 with weapon 0
# <turn>
456
# <cure period>
0
# Samurai states: <position x> <position y> <hiding>
13 1 1
11 7 0
11 6 0
-1 -1 1
14 0 0
-1 -1 1
# Battle field states
 9 9 9 9 9 9 9 9 9 0 0 0 4 4 2
 9 9 9 9 9 9 9 9 5 0 0 0 0 0 0
 9 9 9 9 9 9 9 9 9 0 0 0 0 0 4
 9 9 9 9 9 9 9 9 9 0 0 0 0 0 4
 9 9 9 9 9 9 9 9 5 2 2 2 2 0 4
 9 9 9 9 9 9 9 5 5 2 2 2 2 0 4
 9 9 9 9 9 9 5 5 5 2 2 2 2 1 4
 9 9 9 9 9 9 1 1 1 2 2 2 2 1 1
 9 9 9 9 9 9 9 1 1 1 1 1 1 2 2
 9 9 9 9 9 9 9 9 1 1 3 1 3 3 2
 9 9 9 9 9 9 9 9 9 0 3 3 3 3 9
 9 9 9 9 9 9 9 9 9 9 3 3 3 9 9
 9 9 9 9 9 9 9 9 9 9 9 2 9 9 9
 9 9 9 9 9 9 9 9 9 9 9 9 9 9 9
 9 9 9 9 9 9 9 9 9 9 9 9 9 9 9
# Turn information for samurai of side 0 with weapon 0
# <turn>
463
# <cure period>
0
# Samurai states: <position x> <position y> <hiding>
14 1 0
11 8 1
11 7 1
-1 -1 1
14 0 0
7 6 0
# Battle field states
 9 9 9 9 9 9 9 9 9 9 0 0 4 4 2
 9 9 9 9 9 9 9 9 9 0 0 0 0 0 0
 9 9 9 9 9 9 9 9 9 9 0 0 0 0 0
 9 9 9 9 9 9 9 9 9 9 0 0 0 0 0
 9 9 9 9 9 9 9 9 9 2 2 2 2 0 0
 9 9 9 9 9 9 9 9 5 2 2 2 2 0 0
 9 9 9 9 9 9 9 5 5 2 2 2 2 1 4
 9 9 9 9 9 9 5 5 5 2 2 2 2 1 1
 9 9 9 9 9 9 1 1 1 1 2 2 2 1 2
 9 9 9 9 9 9 9 1 1 1 3 1 1 3 2
 9 9 9 9 9 9 9 9 1 0 3 1 3 3 3
 9 9 9 9 9 9 9 9 9 0 3 3 3 3 9
 9 9 9 9 9 9 9 9 9 9 3 3 3 9 9
 9 9 9 9 9 9 9 9 9 9 9 3 9 9 9
 9 9 9 9 9 9 9 9 9 9 9 9 9 9 9
# Turn information for samurai of side 0 with weapon 0
# <turn>
468
# <cure period>
0
# Samurai states: <position x> <position y> <hiding>
14 2 1
11 9 0
11 8 0
-1 -1 1
14 0 0
-1 -1 1
# Battle field states
 9 9 9 9 9 9 9 9 9 9 9 0 4 4 2
 9 9 9 9 9 9 9 9 9 9 0 0 0 0 0
 9 9 9 9 9 9 9 9 9 0 0 0 0 0 0
 9 9 9 9 9 9 9 9 9 9 0 0 0 0 0
 9 9 9 9 9 9 9 9 9 9 2 2 2 0 0
 9 9 9 9 9 9 9 9 9 2 2 2 2 0 0
 9 9 9 9 9 9 9 9 5 2 2 2 2 1 0
 9 9 9 9 9 9 9 5 5 2 2 2 2 1 1
 9 9 9 9 9 9 5 5 5 1 2 2 2 1 2
 9 9 9 9 9 9 1 1 1 1 2 2 2 1 2
 9 9 9 9 9 9 9 1 1 0 3 1 1 3 3
 9 9 9 9 9 9 9 9 1 0 3 1 3 3 3
 9 9 9 9 9 9 9 9 9 2 3 3 3 3 9
 9 9 9 9 9 9 9 9 9 9 3 3 3 9 9
 9 9 9 9 9 9 9 9 9 9 9 2 9 9 9
# Turn information for samurai of side 0 with weapon 0
# <turn>
475
# <cure period>
0
# Samurai states: <position x> <position y> <hiding>
13 2 0
11 10 1
11 9 1
-1 -1 1
14 0 0
7 8 0
# Battle field states
 9 9 9 9 9 9 9 9 9 9 0 0 4 0 2
 9 9 9 9 9 9 9 9 9 0 0 0 0 0 0
 9 9 9 9 9 9 9 9 5 0 0 0 0 0 0
 9 9 9 9 9 9 9 9 9 0 0 0 0 0 0
 9 9 9 9 9 9 9 9 9 9 2 2 2 0 0
 9 9 9 9 9 9 9 9 9 9 2 2 2 0 0
 9 9 9 9 9 9 9 9 9 2 2 2 2 1 0
 9 9 9 9 9 9 9 9 5 2 2 2 2 1 1
 9 9 9 9 9 9 9 5 5 1 2 2 2 1 2
 9 9 9 9 9 9 5 5 5 1 2 2 2 1 2
 9 9 9 9 9 9 1 1 1 1 2 2 2 3 3
 9 9 9 9 9 9 9 1 1 0 1 1 3 3 3
 9 9 9 9 9 9 9 9 1 2 3 1 3 3 3
 9 9 9 9 9 9 9 9 9 0 3 3 3 3 9
 9 9 9 9 9 9 9 9 9 9 3 3 3 9 9
# Turn information for samurai of side 0 with weapon 0
# <turn>
480
# <cure period>
0
# Samurai states: <position x> <position y> <hiding>
12 2 1
12 10 0
11 10 0
-1 -1 1
14 0 0
-1 -1 1
# Battle field states
 9 9 9 9 9 9 9 9 9 0 0 0 0 0 2
 9 9 9 9 9 9 9 9 5 0 0 0 0 0 0
 9 9 9 9 9 9 9 5 5 0 0 0 0 0 0
 9 9 9 9 9 9 9 9 5 0 0 0 0 0 0
 9 9 9 9 9 9 9 9 9 2 2 2 2 0 0
 9 9 9 9 9 9 9 9 9 9 2 2 2 0 0
 9 9 9 9 9 9 9 9 9 9 2 2 2 1 9
 9 9 9 9 9 9 9 9 9 2 2 2 2 1 1
 9 9 9 9 9 9 9 9 5 1 2 2 2 1 2
 9 9 9 9 9 9 9 5 5 1 2 2 2 1 2
 9 9 9 9 9 9 5 5 5 1 2 2 2 1 1
 9 9 9 9 9 9 9 1 1 0 2 2 2 1 3
 9 9 9 9 9 9 9 9 1 2 3 1 1 3 3
 9 9 9 9 9 9 9 9 9 0 3 3 3 3 3
 9 9 9 9 9 9 9 9 9 9 3 3 3 3 9
# Turn information for samurai of side 0 with weapon 0
# <turn>
487
# <cure period>
0
# Samurai states: <position x> <position y> <hiding>
11 2 0
12 11 1
12 10 1
-1 -1 1
14 0 0
7 10 0
# Battle field states
 9 9 9 9 9 9 9 9 0 0 0 0 4 4 2
 9 9 9 9 9 9 9 5 5 0 0 0 0 4 4
 9 9 9 9 9 9 5 0 0 0 0 0 0 0 4
 9 9 9 9 9 9 9 5 5 0 0 0 0 0 0
 9 9 9 9 9 9 9 9 5 2 2 2 2 0 0
 9 9 9 9 9 9 9 9 9 2 2 2 2 0 9
 9 9 9 9 9 9 9 9 9 9 2 2 2 1 9
 9 9 9 9 9 9 9 9 9 9 2 2 2 1 1
 9 9 9 9 9 9 9 9 9 1 2 2 2 1 2
 9 9 9 9 9 9 9 9 5 1 2 2 2 3 2
 9 9 9 9 9 9 9 5 5 1 2 2 2 3 1
 9 9 9 9 9 9 9 5 5 0 2 2 2 3 1
 9 9 9 9 9 9 9 9 1 2 3 1 1 3 3
 9 9 9 9 9 9 9 9 9 0 3 3 1 3 3
 9 9 9 9 9 9 9 9 9 9 3 3 3 3 3
# Turn information for samurai of side 0 with weapon 0
# <turn>
492
# <cure period>
0
# Samurai states: <position x> <position y> <hiding>
11 3 1
12 12 0
12 11 0
-1 -1 1
-1 -1 1
-1 -1 1
# Battle field states
 9 9 9 9 9 9 9 9 9 0 0 0 4 4 9
 9 9 9 9 9 9 9 9 5 0 0 0 4 4 4
 9 9 9 9 9 9 9 0 0 0 0 0 0 4 4
 9 9 9 9 9 9 5 0 0 0 0 0 0 0 4
 9 9 9 9 9 9 9 5 5 2 2 2 2 0 0
 9 9 9 9 9 9 9 9 5 2 2 2 2 0 0
 9 9 9 9 9 9 9 9 9 2 2 2 2 1 9
 9 9 9 9 9 9 9 9 9 9 2 2 2 1 9
 9 9 9 9 9 9 9 9 9 9 2 2 2 1 2
 9 9 9 9 9 9 9 9 9 1 2 2 2 3 2
 9 9 9 9 9 9 9 9 5 1 2 2 2 2 1
 9 9 9 9 9 9 9 5 5 0 2 2 2 2 1
 9 9 9 9 9 9 9 5 5 2 3 2 2 2 1
 9 9 9 9 9 9 9 9 1 0 3 3 1 1 3
 9 9 9 9 9 9 9 9 9 2 3 3 1 3 3
# Turn information for samurai of side 0 with weapon 0
# <turn>
499
# <cure period>
0
# Samurai states: <position x> <position y> <hiding>
11 4 0
0 14 0
9 14 0
-1 -1 1
14 2 0
7 12 0
# Battle field states
 9 9 9 9 9 9 9 9 9 9 0 0 4 9 9
 9 9 9 9 9 9 9 9 9 0 0 0 4 4 9
 9 9 9 9 9 9 9 9 0 0 0 0 4 4 4
 9 9 9 9 9 9 9 0 0 0 0 0 0 4 4
 9 9 9 9 9 9 5 0 0 0 0 2 2 0 4
 9 9 9 9 9 9 9 5 5 2 2 2 2 0 0
 9 9 9 9 9 9 9 9 5 2 2 2 2 1 0
 9 9 9 9 9 9 9 9 9 2 2 2 2 1 9
 9 9 9 9 9 9 9 9 9 9 2 2 2 9 9
 0 9 9 9 9 9 9 9 9 1 9 2 9 9 9
 0 0 9 9 9 9 9 9 5 1 2 9 9 9 9
 1 0 0 9 9 9 9 5 5 0 2 2 9 9 9
 1 1 1 1 9 9 5 5 5 2 3 2 3 9 9
 1 1 1 1 1 1 5 5 5 0 3 3 3 3 9
 8 0 1 1 1 1 1 1 1 2 3 3 1 3 3
# Turn information for samurai of side 0 with weapon 0
# <turn>
504
# <cure period>
0
# Samurai states: <position x> <position y> <hiding>
12 4 1
0 14 0
9 14 0
-1 -1 1
-1 -1 1
-1 -1 1
# Battle field states
 9 9 9 9 9 9 9 9 9 9 9 0 0 4 9
 9 9 9 9 9 9 9 9 9 9 0 0 0 4 4
 9 9 9 9 9 9 9 9 9 0 0 4 4 4 4
 9 9 9 9 9 9 9 9 0 0 0 0 4 4 4
 9 9 9 9 9 9 9 0 0 0 0 2 2 4 4
 9 9 9 9 9 9 9 9 5 2 2 2 2 0 0
 9 9 9 9 9 9 9 9 9 2 2 2 2 1 0
 9 9 9 9 9 9 9 9 9 9 2 2 2 1 1
 9 9 9 9 9 9 9 9 9 9 9 2 2 1 9
 0 9 9 9 9 9 9 9 9 1 9 9 2 9 9
 0 0 9 9 9 9 9 9 5 1 2 9 9 9 9
 1 0 0 9 9 9 9 5 5 0 2 2 9 9 9
 1 1 1 1 9 9 5 5 5 2 3 2 3 9 9
 1 1 1 1 1 1 5 5 5 0 3 3 3 3 9
 8 0 1 1 1 1 5 5 5 2 3 3 1 3 3
